024830 99999
025990 99999
026270 99999
029244 99999
039130 99999
040011 99999
040400 99999
040420 99999
040580 99999
040831 99999
041010 99999
041700 99999
042361 99999
083650 99999
083840 99999
084900 99999
085220 99999
085240 99999
085940 99999
085944 99999
085950 99999
095823 99999
103090 99999
103180 99999
106410 99999
131090 99999
131130 99999
131430 99999
133220 99999
133300 99999
141120 99999
160016 99999
165230 99999
165974 99999
166900 99999
167120 99999
167650 99999
172953 99999
271850 99999
275280 99999
295630 99999
348870 99999
357050 99999
357060 99999
378720 99999
404460 99999
404630 99999
404750 99999
405990 99999
409950 99999
410310 99999
412265 99999
413910 99999
414520 99999
415180 99999
415310 99999
415320 99999
415650 99999
415770 99999
415925 99999
419160 99999
419440 99999
420800 99999
422650 99999
423540 99999
423810 99999
425550 99999
425990 99999
426710 99999
426790 99999
426930 99999
427000 99999
427056 99999
427670 99999
428030 99999
428550 99999
428600 99999
429700 99999
430010 99999
431580 99999
432750 99999
433260 99999
434100 99999
434440 99999
434750 99999
434860 99999
450450 99999
467620 99999
470699 99999
472150 99999
473070 99999
475805 99999
475930 99999
477480 99999
478260 99999
478460 99999
479186 99999
479365 99999
479710 42402
479710 99999
480240 99999
480400 99999
480920 99999
480930 99999
483007 99999
483009 99999
483070 99999
483260 99999
483340 99999
483730 99999
483850 99999
483870 99999
484350 99999
484777 99999
484810 99999
485200 99999
485540 99999
485550 99999
485560 99999
485570 99999
485600 99999
485740 99999
485810 99999
486021 99999
486180 99999
486310 99999
486490 99999
486500 99999
486530 99999
486600 99999
488580 99999
488660 99999
488810 99999
488815 99999
488830 99999
488840 99999
489236 99999
489286 99999
489288 99999
489326 99999
489425 99999
489436 99999
489565 99999
527230 99999
536520 99999
543380 99999
545280 99999
545640 99999
547580 99999
560860 99999
562370 99999
567380 99999
567770 99999
569160 99999
569650 99999
569750 99999
569790 99999
569990 99999
572030 99999
572990 99999
573470 99999
574660 99999
575270 99999
575970 99999
576320 99999
576450 99999
578020 99999
579730 99999
580280 99999
582500 99999
583230 99999
587210 99999
587320 99999
589280 99999
589320 99999
589340 99999
590130 99999
590770 99999
590860 99999
591090 99999
591520 99999
592580 99999
592730 99999
592770 99999
592970 99999
593090 99999
593260 99999
593460 99999
593610 99999
594270 99999
594320 99999
594730 99999
595050 99999
595500 99999
595580 99999
595600 99999
595670 99999
595680 99999
596220 99999
596340 99999
596480 99999
596830 99999
597380 99999
597450 99999
597480 99999
597520 99999
598480 99999
598530 99999
599580 99999
600310 99999
600690 99999
601954 99999
602800 99999
602890 99999
604850 99999
618770 99999
619340 99999
619950 99999
623030 99999
628550 99999
630060 99999
630140 99999
630290 99999
630300 99999
632270 99999
632350 99999
632370 99999
633300 99999
633320 99999
633400 99999
634030 99999
634510 99999
634730 99999
635320 99999
635330 99999
636410 99999
636610 99999
636760 99999
636800 99999
636870 99999
636943 99999
636950 99999
637020 99999
637050 99999
637090 99999
637200 99999
637290 99999
637400 99999
637410 99999
637420 99999
637840 99999
637890 99999
638810 99999
639850 99999
639960 99999
640060 99999
640100 99999
640160 99999
640760 99999
641260 99999
641460 99999
641550 99999
641800 99999
641840 99999
642030 99999
642110 99999
642170 99999
642200 99999
642470 99999
642820 99999
643600 99999
643800 99999
643810 99999
643830 99999
643840 99999
643970 99999
644020 99999
644050 99999
644600 99999
644620 99999
645700 99999
648514 99999
648920 99999
649110 99999
649300 99999
649504 99999
651450 99999
652020 99999
652130 99999
652600 99999
652750 99999
654500 99999
661180 99999
661200 99999
661210 99999
661360 99999
661361 99999
661400 99999
661420 99999
661520 99999
661720 99999
661870 99999
662150 99999
662260 99999
662400 99999
662600 99999
662700 99999
662850 99999
663180 99999
663250 99999
663900 99999
664500 99999
664600 99999
670220 99999
672290 99999
672500 99999
673050 99999
673090 99999
674030 99999
674130 99999
674210 99999
674240 99999
674410 99999
674690 99999
674760 99999
674850 99999
674930 99999
675510 99999
675840 99999
675870 99999
675910 99999
676870 99999
676900 99999
676920 99999
676960 99999
676990 99999
677730 99999
677910 99999
678813 99999
678990 99999
679790 99999
680023 99999
680025 99999
680035 99999
680055 99999
680151 99999
680152 99999
681140 99999
682643 99999
682760 99999
682904 99999
682965 99999
683900 99999
683920 99999
685840 99999
685845 99999
685880 99999
685910 99999
685930 99999
686740 99999
688470 99999
689203 99999
690080 99999
690206 99999
690240 99999
690300 99999
690534 99999
690564 99999
690674 99999
690794 99999
690814 99999
690974 99999
690976 99999
691004 99999
691014 99999
691106 99999
691244 99999
691424 99999
692284 99999
692614 99999
692684 99999
692924 99999
693114 99999
693124 99999
693184 99999
693454 99999
693474 99999
693724 99999
693754 99999
693784 99999
693794 99999
695023 99999
696134 99999
696324 99999
696514 99999
696524 99999
696624 99999
697124 99999
697224 99999
697264 99999
697294 99999
697354 99999
697554 99999
697614 99999
697644 99999
697744 99999
697954 99999
697984 99999
698384 99999
698584 99999
698594 99999
702759 99999
703921 99999
710637 99999
713715 99999
713725 99999
720048 99999
720294 99999
720396 99999
720541 99999
720622 99999
720631 99999
720632 99999
720633 99999
722005 99999
722013 99999
722028 99999
722121 99999
722242 99999
722297 99999
722298 99999
722309 12990
722344 99999
722387 99999
722393 99999
722399 99999
722407 99999
722626 99999
722917 99999
722919 99999
722928 99999
722979 03157
723758 54928
724739 99999
724742 99999
725172 99999
749012 99999
749014 99999
749023 99999
749024 99999
749027 99999
749030 99999
749031 99999
749033 99999
749034 99999
749038 99999
749039 99999
749041 99999
749042 99999
749043 99999
749063 99999
749066 99999
749153 99999
749154 99999
749233 99999
749249 99999
749254 99999
749258 99999
749259 99999
749287 99999
749289 99999
749300 99999
749301 99999
749307 99999
749312 99999
749314 99999
749315 99999
749318 99999
749319 99999
749320 99999
749325 99999
749330 99999
749333 99999
749334 99999
749356 99999
749366 99999
749375 99999
749399 99999
749400 99999
749401 99999
749402 99999
749403 99999
749404 99999
749405 99999
749406 99999
749407 99999
749408 99999
749410 99999
749411 99999
749413 99999
749414 99999
749415 99999
749416 99999
749417 99999
749419 99999
749422 99999
749425 99999
749429 99999
749432 99999
749438 99999
749442 99999
749443 99999
749444 99999
749445 99999
749446 99999
749463 99999
749473 99999
749508 99999
749517 99999
749530 99999
749533 99999
749539 99999
765395 99999
765563 99999
765713 99999
765754 99999
765774 99999
766110 99999
766123 99999
766450 99999
766583 99999
766656 99999
766855 99999
766875 99999
767473 99999
767510 99999
767756 99999
768433 99999
768560 99999
780160 99999
780631 99999
780770 99999
780810 99999
780850 99999
781030 99999
781040 99999
781200 99999
782390 99999
782430 99999
782624 99999
782650 99999
783120 99999
783134 12857
783140 99999
783160 99999
783220 99999
783230 99999
783260 99999
783284 99999
783290 99999
783300 99999
783310 99999
783350 99999
783370 99999
783400 99999
783410 99999
783420 99999
783430 99999
783540 99999
783590 99999
783610 99999
783620 99999
783700 99999
783710 99999
783730 99999
783740 99999
783750 99999
783760 99999
783770 99999
783780 99999
785140 11603
786310 99999
786372 99999
787320 99999
787340 99999
787605 99999
787630 99999
787830 99999
787880 99999
788075 99999
789070 99999
789543 99999
789550 99999
800810 99999
800890 99999
800930 99999
800940 99999
801100 99999
802100 99999
802110 99999
803000 99999
803080 99999
803420 99999
804143 99999
804203 99999
804215 99999
804255 99999
804380 99999
804413 99999
804620 99999
804653 99999
804790 99999
810050 99999
810800 99999
812050 99999
812080 99999
812500 99999
820940 99999
821780 99999
821810 99999
821910 99999
822120 99999
822630 99999
822800 99999
823260 99999
823365 99999
823970 99999
824250 99999
824870 99999
825940 99999
825950 99999
825960 99999
825980 99999
825991 99999
826830 99999
826843 99999
826890 99999
827410 99999
827770 99999
827910 99999
828160 99999
828630 99999
828790 99999
828820 99999
828860 99999
828930 99999
828981 99999
829000 99999
829270 99999
829760 99999
829920 99999
829940 99999
830330 99999
830760 99999
830880 99999
830960 99999
830970 99999
831820 99999
831840 99999
831860 99999
831950 99999
832140 99999
832290 99999
832350 99999
832420 99999
832440 99999
832640 99999
833020 99999
833320 99999
833390 99999
833580 99999
833640 99999
833760 99999
833790 99999
833830 99999
833880 99999
833890 99999
833930 99999
833950 99999
833980 99999
834280 99999
834700 99999
834790 99999
834880 99999
834980 99999
834990 99999
835220 99999
835310 99999
835380 99999
835430 99999
835650 99999
835660 99999
835700 99999
835790 99999
835820 99999
835860 99999
835870 99999
835880 99999
835890 99999
835920 99999
836230 99999
836420 99999
836590 99999
836600 99999
836690 99999
836723 99999
836760 99999
836830 99999
836870 99999
836950 99999
837040 99999
837140 99999
837190 99999
837290 99999
837360 99999
837490 99999
837830 99999
837860 99999
837870 99999
838110 99999
838130 99999
838310 99999
838720 99999
838950 99999
839120 99999
839160 99999
839250 99999
839530 99999
839700 99999
840070 99999
840430 99999
840500 99999
840510 99999
840515 99999
841110 99999
841290 99999
841310 99999
841350 99999
841400 99999
841630 99999
842000 99999
842051 99999
842700 99999
844400 99999
845010 99999
845640 99999
846231 99999
846280 99999
846770 99999
846910 99999
847210 99999
847615 99999
847730 99999
854060 99999
854170 99999
854690 99999
864805 99999
871710 99999
873590 99999
876580 99999
878230 99999
911170 99999
911310 99999
911580 99999
911630 99999
911649 99999
911650 22536
911660 99999
911665 99999
911681 99999
911690 99999
911760 22519
911780 22551
911800 99999
911820 22521
911840 99999
911860 22534
911900 22516
911903 22516
911904 22552
911905 22524
911905 99999
911907 99999
911910 99999
911940 99999
911950 99999
911961 99999
911975 21510
911976 99999
911990 99999
912120 41415
912170 99999
912320 41818
912320 99999
912510 99999
912540 99999
912810 99999
912850 21504
912853 21504
912930 99999
912940 99999
913140 99999
913280 99999
913430 99999
913481 99999
913500 99999
913520 99999
913550 99999
913650 99999
913691 99999
913740 99999
913780 99999
914420 99999
915190 99999
915590 99999
915620 99999
915790 99999
915870 99999
915960 99999
916560 99999
916760 99999
916790 99999
916820 99999
916830 99999
916890 99999
916900 99999
917550 99999
917580 99999
917600 99999
917630 99999
917790 99999
917830 99999
917890 99999
917920 99999
918240 99999
918410 99999
918430 99999
918470 99999
918480 99999
919020 99999
919440 99999
919450 99999
919480 99999
919500 99999
919520 99999
919530 99999
919580 99999
919610 99999
919620 99999
919640 99999
920060 99999
920100 99999
920360 99999
920400 99999
920680 99999
920690 99999
920700 99999
920820 99999
920840 99999
920920 99999
921200 99999
937550 99999
939940 99999
939950 99999
939960 99999
939970 99999
940020 99999
940481 99999
940691 99999
941850 99999
941870 99999
942150 99999
942570 99999
942690 99999
942880 99999
943500 99999
943750 99999
943780 99999
943790 99999
943900 99999
944050 99999
944400 99999
944460 99999
945250 99999
945710 99999
945740 99999
945800 99999
945850 99999
945950 99999
945952 99999
947180 99999
947810 99999
948070 99999
948250 99999
948310 99999
948410 99999
948440 99999
948490 99999
948560 99999
948800 99999
949950 99999
949999 00069
949999 00152
949999 00155
949999 00178
952860 99999
952990 99999
953100 99999
953180 99999
956889 99999
958550 99999
960011 99999
961635 99999
965050 99999
965330 99999
967510 99999
967550 99999
967810 99999
967815 99999
967830 99999
968570 99999
969470 99999
969950 99999
972840 99999
973950 99999
976860 99999
977800 99999
983280 99999
984330 99999
984375 99999
987455 99999
990174 99999
990179 99999
992020 99999
992430 99999
992610 99999
992620 99999
992830 99999
992840 99999
994007 99999
994310 99999
994480 99999
994490 99999
994500 99999
994540 99999
994630 99999
994850 99999
996290 99999
996880 99999
997050 99999
997213 99999
997367 99999
997379 99999
997384 99999
997385 99999
997396 99999
997397 99999
997399 99999
997401 99999
997435 99999
997699 99999
997713 99999
997986 99999
998170 99999
998191 99999
998193 99999
998195 99999
998211 99999
998214 99999
998215 99999
998229 99999
998246 99999
998247 99999
998248 99999
998249 99999
998251 99999
998257 99999
998650 99999
999999 10502
999999 10719
999999 11610
999999 11618
999999 11621
999999 11624
999999 11631
999999 11637
999999 11640
999999 11644
999999 11647
999999 11650
999999 11704
999999 11803
999999 11806
999999 11807
999999 12706
999999 12716
999999 12826
999999 12848
999999 12849
999999 12853
999999 12857
999999 12927
999999 13601
999999 13602
999999 13711
999999 13758
999999 21503
999999 21504
999999 21601
999999 21603
999999 22501
999999 22508
999999 22514
999999 22515
999999 22517
999999 22519
999999 22525
999999 22526
999999 22536
999999 22602
999999 22703
999999 23053
999999 24248
999999 40309
999999 40504
999999 40505
999999 40710
999999 41225
999999 41226
999999 41227
999999 41229
999999 41407
999999 41413
999999 41415
999999 41606
999999 42210
999999 42501
999999 53921
999999 61705
999999 70701
999999 80309
999999 80430
999999 80431
999999 93118
999999 93120
999999 93134
999999 93999
024830 99999 STOCKHOLM KTH                 SN SW          +59350 +018067 +00300
025990 99999 NASUDDEN                      SN SW          +57067 +018217 +00050
026270 99999 LUND LTH                      SN SW          +55717 +013217 +00730
029244 99999 ILMAJOKI                      FI FI    EFIL  +62700 +022833 +00920
039130 99999 ANNAGHMORE                    UK UK          +54450 -006567 +00270
040011 99999                                                                   
040400 99999 HEIDARBAER                    IL IC          +64250 -021117 +01060
040420 99999 HJARDARLAND                   IL IC          +64250 -020417 +01010
040580 99999 VATNSSKARDSHOLAR              IL IC          +63417 -019183 +00200
040831 99999                                                                   
041010 99999 BJARGTANGAR                   IL IC          +65500 -024517 +00360
041700 99999 SKARDSFJORUVITI               IL IC          +63517 -017983 +00090
042361 99999                                                                   
083650 99999 DENIA-IN-VALENCIA             SP SP          +38833 +000100 +00150
083840 99999                                                                   
084900 99999 ALBORAN ISLAND                SP SP          +35950 -003017 +00050
085220 99999 FUNCHAL                       PO PO          +32633 -016900 +00560
085240 99999 PORTO SANTO                   PO PO    LPPS  +33067 -016350 +00820
085940 99999 SAL                           CV CV    GVAC  +16733 -022950 +00530
085944 99999 BOA VISTA RABIL               CV CV    GVBA  +16133 -022883 +00210
085950 99999 FRANCISCO MENDES              CV CV    GVFM  +14917 -023483 +02300
095823 99999 BOGUS EAST GERMAN             DD GM    ETAR                       
103090 99999 AHAUS                            GM          +52083 +006950 +00460
103180 99999 BORGHOLZHAUSEN                DL GM          +52117 +008283 +03050
106410 99999 OFFENBACH WETTERPAR              GM          +50083 +008783 +01190
131090 99999 PAZIN                         YG YU          +45233 +013967 +02930
131130 99999 BOGUS YUGOSLAVIAN             YG YU                               
131430 99999 BOGUS YUGOSLAVIAN             YG YU          +28867 +031333 +01036
133220 99999 BOGUS YUGOSLAVIAN             YG YU                               
133300 99999 BOGUS YUGOSLAVIAN             YG YU                               
141120 99999 POSTOJNA                      LJ SI          +45767 +014200 +05330
160016 99999 ANCONA                        IY IT          +43617 +013517 +01030
165230 99999 CAPO CACCIA                   IY IT          +40567 +008167 +02030
165974 99999 MALTA ACC                     ML MT    LMMM  +35917 +014417 +00000
166900 99999 PLATANOS                      GR GR          +38600 +021783 +08510
167120 99999 CORINTH RUINS                 GR GR          +37933 +022950 +00150
167650 99999 KARPATHOS (AIRPORT)           GR GR          +35517 +027250 +00060
172953 99999 DALAMAN/MUGLA                 TU TU          +36717 +028783 +00070
271850 99999 DAROVSKOJ                     RS UE          +58783 +047950 +01460
275280 99999 LIKINO-DULEVO                 RS UE          +55533 +038950 +01329
295630 99999 KACA                          NO RS          +56117 +092200 +04790
348870 99999 LIMAN                         RS RS          +45800 +047217 -00180
357050 99999 APPROXIMATE LOCATIO           RA UA          +46867 +051250 +00000
357060 99999 BOLSHOY PESHNO ISL            RA UA          +46767 +051783 -00230
378720 99999 URCADZOR                      RS AM          +39950 +044883 +10640
404460 99999 NAME/LOCATION UNKN            ER TC          +51017 +011033 +00558
404630 99999 MINA QUABOOS                  OM MU          +23583 +058467 +00000
404750 99999 RAYSUT                        OM MU          +16917 +053917 +00000
405990 99999 SOCOTRA/RAS KARMA             AD DY    ODAK  +12633 +053900 +00450
409950 99999 CHAR-BURJACK                  AH AF          +30283 +062033 +05500
410310 99999 MINA                          SD SA          +21417 +039867 +03940
412265 99999 BUHASA                        ER AE    OMAB  +23617 +053383 +00940
413910 99999 HAJJAH                        YE YM    OYHJ  +15833 +043583 +17600
414520 99999 IBB                           YE YM    OYIB  +14000 +044333 +19200
415180 99999 BUNJI                         PK PK          +35667 +074633 +14700
415310 99999 BATTAL                        PK PK          +34583 +073150 +16760
415320 99999 MUZAFFAR ABAD                 PK PK          +34367 +073483 +07020
415650 99999 CHERAT                        PK PK          +33817 +071883 +13720
415770 99999 ISLAMABAD CITY                PK PK          +33717 +073100 +05250
415925 99999 SUKKUR                        PK PK    OPSK  +27722 +068792 +00580
419160 99999 FARIDPUR                      BW BG          +23617 +089850 +00140
419440 99999 CHILLIMPUR                    BW BG          +22417 +091750 +00090
420800 99999 BILASPUR                      IN IN    VABI  +31250 +076667 +05870
422650 99999 MAINPURI                      IN IN          +27233 +079050 +01570
423540 99999 DHOLPUR                       IN IN          +26667 +077833 +01760
423810 99999 AZAMGARH                      IN IN          +26050 +083217 +00780
425550 99999 JHALAWAR                      IN IN          +24533 +076167 +03210
425990 99999 DUMKA                         IN IN          +24267 +087250 +01490
426710 99999 SAGAR                         IN IN          +23850 +078750 +05510
426790 99999 UMARIA                        IN IN          +23533 +080883 +04590
426930 99999 AMBIKAPUR                     IN IN          +23167 +083250 +06110
427000 99999 RANCHI                        IN IN          +23367 +085333 +06470
427056 99999 BANGALURU INTL AIRPO          IN IN    VOBL  +13200 +077700 +09150
427670 99999 PACHMARHI                     IN IN          +22467 +078433 +10750
428030 99999 MIDNAPORE                     IN IN          +22417 +087317 +00450
428550 99999 KHANDWA                       IN IN    VAKD  +21833 +076367 +03180
428600 99999 BETUL                         IN IN          +21867 +077933 +06530
429700 99999 CUTTACK                       IN IN          +20467 +085933 +00270
430010 99999 DAHANU                        IN IN          +19967 +072717 +00050
431580 99999 SANGLI                        IN IN          +16850 +074600 +05490
432750 99999 TIRUPATHI                     IN IN          +13667 +079583 +01050
433260 99999 KALLAKKURICHCHI               IN IN          +11733 +078967 +01260
434100 99999 MULLAITTIVU                   SB CE          +09267 +080817 +00020
434440 99999 KANDY                         SB CE          +07333 +080633 +04770
434750 99999 POTTUVIL                      SB CE          +06883 +081833 +00080
434860 99999 RATNAPURA                     SB CE          +06683 +080400 +00880
450450 99999 WAGLAN ISLAND                 CI CH          +22183 +114300 +00600
467620 99999 LAN YU (=595670)              TW TW    RCLY  +22033 +121550 +03250
470699 99999 CHAJANG NI(KOR-ARMY           KO KS    RKSI  +37667 +125717 +00450
472150 99999 KITAMI                        JP JA          +43817 +143917 +00840
473070 99999 MITAKE                        JP JA          +35850 +137633 +08700
475805 99999 MISAWA (USAF)                 JP JA    KQSM  +40683 +141400 +00360
475930 99999 KINKASAN (LGT-H)              JP JA          +38267 +141583 +00460
477480 99999 KYOGA (LGT-H)                 JP JA          +35767 +135233 +01390
478260 99999 TSURIKAKE (LGT-H)             JP JA          +31617 +129700 +01470
478460 99999 GAJASHIMA (LGT-H)             JP JA          +29917 +129533 +01960
479186 99999 HATERUMA                      JP JA    RORH  +24067 +123800 +00130
479365 99999 KERAMA                        JP JA    ROKR  +26167 +127300 +00480
479710 42402 CHICHI JIMA BONIN IS          JP JA    RJAO  +27083 +142200 +00079
479710 99999 CHICHIJIMA ISLAND             JP JA    RJAO  +27083 +142183 +00079
480240 99999 KALEMYO                       BM BM          +23200 +094067 +01520
480400 99999 HSIPAW                        BM BM          +22600 +097300 +04360
480920 99999 BOGUS BURMESE                 BM BM                               
480930 99999 BAGO                          BM BM          +17333 +096500 +00150
483007 99999 CHIANG KHAM AB                TH TH    VTCB  +19500 +100283 +03890
483009 99999 CHIANG KLANG                  TH TH    VTND  +19300 +100867 +02430
483070 99999 THUNG CHANG                   TH TH          +19417 +100883 +03350
483260 99999 MAE JO AGROMET                TH TH          +18917 +099000 +03180
483340 99999 LAMPANG AGROMET               TH TH          +18317 +099283 +03190
483730 99999 SI SAMRONG AGROMET            TH TH          +17167 +099867 +00540
483850 99999 UMPHANG                       TH TH          +16017 +098867 +04570
483870 99999 DOI MU SOE AGROMET            TH TH          +16750 +098933 +03680
484350 99999 PAKCHONG AGROMET              TH TH          +14633 +101317 +03880
484777 99999                                                                   
484810 99999 PHLIU AGROMET                 TH TH          +12500 +102167 +00240
485200 99999 SAWI AGROMET                  TH TH          +10333 +099100 +00130
485540 99999 NAKHONSI THAMMARAT            TH TH          +08050 +100000 +00030
485550 99999 SURAT THANI AGROMET           TH TH          +09100 +099633 +00370
485560 99999 PRASANG                       TH TH          +08567 +099250 +00140
485570 99999 CHAWANG                       TH TH          +08433 +099500 +00300
485600 99999 PHATTHALUNG AGROMET           TH TH          +07583 +100167 +00040
485740 99999 SA-DAO                        TH TH          +06800 +100400 +00250
485810 99999 YALA AGROMET                  TH TH          +06517 +101283 +00360
486021 99999 MERSING                       MS MY    WMAU  +02450 +103833 +00450
486180 99999 KUALA TRENGGANU               MS MY    WMKN  +05383 +103100 +00060
486310 99999 CAMERON HIGHLANDS             MS MY          +04467 +101383 +14700
486490 99999 MUADZAM SHAH                  MS MY          +03050 +103083 +00340
486500 99999 KUALA LUMPUR INTL             MS MY    WMKK  +02717 +101700 +00170
486530 99999 TEMERLOH                      MS MY          +03467 +102383 +00400
486600 99999 PORT SWETTENHAM               MY CQ          +03000 +101417 +00030
488580 99999 PLEIKU AB/CU-HANH             VS VM    VVPK  +14000 +108017 +07420
488660 99999 PLEIKU CITY                   VS VM    VVPK  +13983 +108000 +08010
488810 99999 BECAME STN 488811             VS VM          +11750 +108383 +09620
488815 99999 DALAT/CAM LY                  VS VM          +11950 +108417 +15170
488830 99999 DI LING /DJIRING              VM             +11567 +108067 +09720
488840 99999 BAO-LOC (BLAO)                VS VM          +11467 +107800 +08500
489236 99999 NAM LIEU                      LA LA          +20567 +100583 +05790
489286 99999 NAM TAN DAM                   LA LA          +19017 +101500 +03660
489288 99999                                                                   
489326 99999 BAN HONG SA                   LA LA          +19683 +101333 +06100
489425 99999 PHU MIENG MANE                LA LA          +17667 +101083 +06200
489436 99999 PAKKENYANE                    LA LA          +16867 +105333 +02130
489565 99999 NEW PAKSONG                   LA LA          +15183 +106233 +12190
527230 99999 BOGUS CHINESE                 CI CH          +37833 +096750 +00000
536520 99999 BOGUS CHINESE                 CI CH          +38983 +110600       
543380 99999 PAN-SHAN                      CI CH          +41183 +122050 +00000
545280 99999 TIAN-JIN/ZHANG-GUI            CI CH          +39133 +117350 +00030
545640 99999 BOGUS CHINESE                 CI CH          +39550 +121283 +00000
547580 99999 XIA-DIAN                      CI CH          +37100 +120317 +00000
560860 99999 BOGUS CHINESE                 CI CH          +34000 +103833 +00000
562370 99999 BANG-DA                       CI CH          +30233 +097400 +00000
567380 99999 MENG-KA                       CI CH          +25217 +097867 +21340
567770 99999                                                                   
569160 99999 NAME/LOCATION UNKN            CI CH                               
569650 99999 MENG-WANG                     CI CH          +22483 +101300 +09750
569750 99999 YI-SHA                        CI CH          +23317 +102367 +12150
569790 99999 JIE-JIE                       CI CH          +22750 +102733 +00000
569990 99999                                                                   
572030 99999 WU-TONG-YUAN                  CI CH          +32817 +105700 +07000
572990 99999 BOGUS CHINESE                 CI CH          +32017 +114883 +00000
573470 99999 BOGUS CHINESE                 CI CH          +31100 +109100 +00000
574660 99999 JIANG-KOU                     CI CH          +30433 +111850 +00000
575270 99999 NAN-CHUAN                     CI CH          +29200 +117133 +00000
575970 99999 MA-AO                         CI CH          +29050 +114317 +00000
576320 99999 CHANG-PU-QI                   CI CH          +28783 +108550 +00000
576450 99999 HUA-YUAN                      CI CH          +28617 +109483 +00000
578020 99999 APPROXIMATE LOCATIO           CI CH          +26833 +105500 +00000
579730 99999 GUI-YANG                      CI CH          +25733 +112717 +00000
580280 99999 SHUANG-GOU                    CI CH          +34033 +117567 +00000
582500 99999                                                                   
583230 99999 SHIH-TANG-JIAO BASE           CI CH          +31917 +117683 +00000
587210 99999 NAME UNKNOWN (ONC)            CI CH          +27717 +117050 +03050
587320 99999 APPROXIMATE LOCATIO           CI CH          +27833 +118500 +00000
589280 99999 ZHANG-PING                    CI CH          +25300 +117400 +00000
589320 99999 NAME UNKNOWN (ONC)            CI CH          +25783 +118383 +00000
589340 99999 YONG-CHUN                     CI CH          +25333 +118300 +00000
590130 99999 BOGUS CHINESE                 CI CH                               
590770 99999 XIA-SHUI-XU                   CI CH          +24083 +112333 +00000
590860 99999 XIN-JIANG                     CI CH          +24467 +113833 +00000
591090 99999 XING-NING                     CI CH          +24133 +115717 +00000
591520 99999 XINZHU                        TW TW          +24800 +120967 +00340
592580 99999 LIU-CHEN                      CI CH          +23200 +110367 +00000
592730 99999                                                                   
592770 99999 LU-BU                         CI CH          +23167 +112300 +00000
592970 99999 BO-LUO                        CI CH          +23167 +114283 +00000
593090 99999                                                                   
593260 99999 XIONG-DI ISLAND               CI CH          +23533 +117683 +00000
593460 99999 P,ENG-HU                      CI CH          +23533 +119567 +00210
593610 99999 HUA-LIAN CITY                 CI CH          +23967 +121600 +00190
594270 99999 NING-MING                     CI CH          +22117 +107133 +01680
594320 99999 BOGUS CHINESE                 CI CH                               
594730 99999 HE-QING                       CI CH          +22850 +112933 +00000
595050 99999 APPROXIMATE LOCATIO           CI CH          +22500 +115500 +00000
595500 99999 TAINAN                        CI CH          +22950 +120183 +00170
595580 99999 HENG CHUN ARPT                CI CH          +22050 +120717 +00130
595600 99999 CHIN HONG                     CI CH          +22800 +121167 +00370
595670 99999 LAN YU                        TW TW          +22033 +121550 +03250
595680 99999 ORCHID ISL.                   CI CH          +22033 +121550 +00100
596220 99999 DONG-JIAO                     CI CH          +21617 +107600 +00000
596340 99999 CHIANG-PING /CHEN-CHU         CH CI          +21550 +108167 +00210
596480 99999 FOU-TOU                       CI CH          +21100 +109717 +00000
596830 99999 BEI-JIAN ISLAND               CI CH          +21817 +113950 +00000
597380 99999 DAO-BACH-LONG ISLAN           CI CH          +20133 +107733 +00580
597450 99999 XI-CUN                        CI CH          +20400 +109933 +00000
597480 99999 LIN-GAO JIAO                  CI CH          +20033 +109667 +00000
597520 99999 BOGUS CHINESE                 CI CH                               
598480 99999 BAI-SHA                       CI CH          +19233 +109450 +00000
598530 99999 APPROXIMATE LOCALE            CI CH          +19833 +110833 +00000
599580 99999                                                                   
600310 99999 BOGUS CANARY ISLAND           CR CP                               
600690 99999 CABO JUBY SPANISH SAHARA      CP             +27933 -013000 +00049
601954 99999 ERRACHIDIA                    MC MO          +31967 -004417 +10340
602800 99999 GUELMIN                       MC MO          +29017 -010050 +03010
602890 99999 TARFAYA                       MC MO          +27933 -013000 +00100
604850 99999 CAP FALCON                    AL AG          +35767 -000800 +01040
618770 99999 YELE                          SL SL          +08417 -011833 +00680
619340 99999 PRINCIPE                      TP TP    FPPR  +01650 +007417 +00050
619950 99999 VACOAS (MAURITIUS)            MA MP          -20300 +057500 +04250
623030 99999 SIDI BARRANI                  UB EG          +31633 +025967 +00210
628550 99999 BENTIU                        SU SU          +09233 +029800 +03890
630060 99999 NACFA                         ET ER          +16667 +038333 +16760
630140 99999 KEREN                         ER TC          +15750 +038450 +14021
630290 99999 ADI UGRI                      ER TC          +14883 +058817 +19721
630300 99999 ADI KAIE /CAIEH               ER TC          +14833 +039333 +26420
632270 99999 GAROE                         SI SO          +07950 +048500 +05340
632350 99999 OBBIA                         SI SO          +05333 +048567 +00100
632370 99999 EL BUR                        SI SO          +04700 +046617 +01750
633300 99999 MAKALE                        ET ET    HAMK  +13500 +039483 +20700
633320 99999 BAHAR DAR                     ET ET    HABD  +11600 +037417 +17700
633400 99999 LEKEMTE                       ET ET          +09083 +036450 +20800
634030 99999 GORE                          ET ET    HAGR  +08150 +035533 +20020
634510 99999 HARAR MEDA                    ET ET    HAHM  +08733 +038950 +19000
634730 99999 JIGGIGA                       ET ET    HAJJ  +09333 +042717 +16440
635320 99999 ADOLLA /CHIKISO               ET ET          +05867 +038950 +17700
635330 99999 NEGHELLE                      ET ET    HANG  +05333 +039567 +15440
636410 99999 MARSABIT                      KN KE    HKMB  +02300 +037900 +13450
636610 99999 KITALE                        KN KE    HKKT  +01016 +035000 +18750
636760 99999                                                                   
636800 99999 KAMPALA                       UG UG          +00317 +032616 +11400
636870 99999 KAKAMEGA                      KN KE    HKKG  +00283 +034783 +15300
636943 99999 NANYUKI                       KN KE    HKNY  -00067 +037033 +19050
636950 99999 MERU                          KN KE    HKME  +00083 +037650 +15540
637020 99999 MBARARA                       UG UG    HUMA  -00617 +030650 +14130
637050 99999 ENTEBBE AIRPORT               UG UG    HUEN  +00050 +032450 +11550
637090 99999 KISII                         KN KE    HKKS  -00667 +034783 +14930
637200 99999 EMBU                          KN KE    HKEM  -00500 +037450 +14930
637290 99999 BUKOBA                        TN TZ    HTBU  -01333 +031817 +11430
637400 99999 NAIROBI/KENYATTA AI           KN KE    HKJK  -01317 +036917 +16240
637410 99999 NAIROBI/DAGORETTI             KN KE    HKNC  -01300 +036750 +17980
637420 99999 NAIROBI/WILSON                KN KE    HKNW  -01317 +036817 +16790
637840 99999 SHINYANGA                     TN TZ          -03650 +033350 +10000
637890 99999 ARUSHA                        TN TZ    HTAR  -03333 +036633 +13870
638810 99999 SUMBAWANGA                    TN TZ    HTSU  -07967 +031633 +19230
639850 99999 SEYCHELLES INTER. A           SC SE    FSSS  -04683 +055517 +00040
639960 99999 FARQUHAR                      SC SE          -10100 +051167 +00030
640060 99999 GEMENA                        ZR CG    FZFK  +03283 +019783 +04200
640100 99999 BOGUS ZAIRE                   ZR CG                               
640160 99999 BUMBA                         ZR CG          +02183 +022550 +03610
640760 99999 BUNIA                         ZR CG          +01500 +030217 +12390
641260 99999 BOENDE                        ZR CG    FZGN  -00217 +020850 +03510
641460 99999 LODJA                         ZR CG          -03483 +023467 +05000
641550 99999 KINDU                         ZR CG    FZOA  -02950 +025917 +04970
641800 99999 BUKAVU                        ZR CG          -02517 +028850 +16120
641840 99999 GOMA                          ZR CG          -01683 +029233 +15520
642030 99999 KITONA                        ZR CG          -05917 +012450 +01200
642110 99999 KINSHASA/NDOLO                ZR CG          -04317 +015317 +02820
642170 99999 KENGE                         ZR CG    FZCS  -04917 +017067 +05630
642200 99999 KINSHASA/BINZA                ZR CG          -04367 +015250 +04450
642470 99999 MBUJI-MAYI                    ZR CG          -06167 +023617 +06770
642820 99999 MANONO                        ZR CG    FZRA  -07283 +027433 +06330
643600 99999 LUBUMBASHI-LUANO              ZR CG    FZQA  -11667 +027483 +13090
643800 99999 KAMEMBE                       RW RW          -02467 +028917 +15910
643810 99999 GISENYI                       RW RW    HRYG  -01667 +029250 +15540
643830 99999 RUHENGERI                     RW RW          -01500 +029633 +18600
643840 99999 BUTARE                        RW RW          -02600 +029733 +17680
643970 99999 MUYINGA                       BI BY          -02833 +030333 +17550
644020 99999 MOUYONDZI                     CG CF    FCBM  -04000 +013950 +05120
644050 99999 SIBITI                        CG CF    FCBS  -03683 +013350 +05300
644600 99999 SOUANKE                       CG CF    FCOS  +02067 +014033 +05500
644620 99999 KELLE                         CG CF    FCOK  -00083 -014533 +04080
645700 99999 FRANCEVILLE MVENGUE           GO GB          -01667 +013400 +03210
648514 99999 YAGOUA                        CM CM    FKKJ  +10400 +015233 +03220
648920 99999 BAMENDA                       CM CM    FKKV  +06050 +010117 +12390
649110 99999 NKONGSAMBA                    CM CM    FKAN  +04950 +009933 +08210
649300 99999 BERTOUA                       CM CM    FKKO  +04600 +013733 +06680
649504 99999 YAOUNDE                       CM CM    FKKY  +03833 +011517 +07510
651450 99999 IBI                           NI NI          +08183 +009750 +01110
652020 99999 LAGOS/OSHODI                  NI NI          +06550 +003350 +00190
652130 99999 BOGUS NIGERIAN                NI NI                               
652600 99999 BOGUS NIGERIAN                NI NI                               
652750 99999 BOGUS NIGERIAN                NI NI                               
654500 99999 ABETIFI                       GH GH          +06667 +000750 +05970
661180 99999 NBANZA-KONGO                  AN AO          -06267 +014250 +05670
661200 99999 SOYO A                        AN AO          -06117 +012350 -00010
661210 99999 MAQUELA DO ZOMBO              AN AO          -06033 +015117 +09200
661360 99999 TOTO                          AN AO          -07167 +014267 +05400
661361 99999 NAMIBE                        AN AO    FNMO  -15267 +012150 +00660
661400 99999 CARMONA                       AN AO          -07583 +015000 +08310
661420 99999 NEGAGE                        AN AO          -07683 +015367 +12490
661520 99999 DUNDO                         AN AO          -07400 +020817 +07760
661720 99999 NDALATANDO                    AN AO          -09283 +014917 +07950
661870 99999 CAMAXILO                      AN AO          -08367 +018933 +11800
662150 99999 MALANGE                       AN AO          -09550 +016367 +11420
662260 99999 SAURIMO (HENRIQUE D           AN AO    FNSA  -09650 +020400 +10920
662400 99999 PORTO AMBOIM                  AN AO          -10700 +013750 +00050
662600 99999 SUMBE                         AN AO          -11200 +013850 +00100
662700 99999 WAKU KUNGU (CELA)             AN AO          -11417 +015117 +13040
662850 99999 LUENA (LUSO)                  AN AO    FNUE  -11783 +019917 +13290
663180 99999 HUAMBO (NOVA LISBOA           AN AO    FNHU  -12800 +015750 +17030
663250 99999 BIE (SILVA PORTO)             AN AO          -12383 +016950 +16990
663900 99999 LUBANGO (SA DA BAND           AN AO    FNUB  -14933 +013567 +17610
664500 99999 BAIA DOS TIGRES               AN AO          -16600 +011717 +00010
664600 99999 PEREIRA DE ECA                AN AO          -17083 +015733 +11090
670220 99999 ANDAPA                        MG MA    FMND  -14650 +049617 +04740
672290 99999 ULONGUE                       MZ MZ    FQUG  -14733 +034350 +13110
672500 99999 SONGO                         MZ MZ          -15600 +032767 +08820
673050 99999 MASSANGENA                    MZ MZ          -21550 +032967 +01360
673090 99999 DINDIZA-GAZA                  MZ MZ          -22083 +033367 +01020
674030 99999 KAWAMBWA                      ZB ZA    FLKB  -09800 +029083 +13240
674130 99999 MBALA                         ZB ZA    FLBA  -08850 +031333 +16730
674210 99999 CHITIPA                       MW MI    FWCT  -09700 +033267 +12780
674240 99999 BOLERO                        MW MI          -10967 +033733 +11000
674410 99999 MWINILUNGA                    ZB ZA    FLMW  -11750 +024433 +13630
674690 99999 SAMFYA                        ZB ZA          -11350 +029533 +11710
674760 99999 MISAMFU                       ZB ZA          -10100 +031250 +15360
674850 99999 MZIMBA                        MW MI    FWMZ  -11883 +033617 +13510
674930 99999 NKHATA BAY                    MW MI          -11600 +034300 +05000
675510 99999 SOLWEZI                       ZB ZA    FLSW  -12183 +026383 +13860
675840 99999 KASUNGU                       MW MI          -13017 +033467 +10150
675870 99999 LILONGWE/AIRPORT              MW MI          -13983 +033783 +10670
675910 99999 NKHOTA KOTA                   MW MI    FWKK  -12917 +034267 +05000
676870 99999 CHICHIRI                      MW MI          -15783 +035033 +11410
676900 99999 MONKEY BAY                    MW MI    FWMY  -14083 +034917 +04740
676920 99999 MAKOKA                        MW MI          -15517 +035217 +10280
676960 99999 CHIKWEO                       MW MI          -14750 +035667 +07170
676990 99999 MIMOSA                        MW MI          -16082 +035583 +06530
677730 99999 GURUVE                        ZW ZI          -16650 +030700 +11800
677910 99999 BVUMBWE                       MW MI          -15917 +035067 +11460
678813 99999 MARONDERA         &           ZW ZI    FVMA  -18183 +031467 +16370
678990 99999 WEDZA                         ZW ZI          -18617 +031567 +13800
679790 99999 ZAKA                          ZW ZI          -20333 +031467 +07700
680023 99999 KHORIXAS                      NM WA    FYKX  -20367 +014967 +10260
680025 99999 KATIMA MULILO                 NM WA    FYKM  -17633 +024183 +09580
680035 99999 ARANOS                        NM WA    FYAN  -24167 +019167 +11890
680055 99999 TSUMEB                        NM WA    FYTM  -19267 +017733 +13270
680151 99999 KARASBURG                     NM WA    FYKB  -28000 +018750 +10170
680152 99999 OKONGO                        NM WA    FYKG  -17567 +017217 +11520
681140 99999 OMARURU                       NM WA          -21417 +015933 +12170
682643 99999 WONDERBOOM                    ZA SF    FAWB  -25650 +028217 +12480
682760 99999 POTGIETERSRUS                 ZA SF          -24183 +029017 +11180
682904 99999 KRUGER MPUMALANGA I           ZA SF    FAKN  -25433 +031100 +08620
682965 99999 BARBERTON                     ZA SF    FABN  -25733 +031000 +00000
683900 99999 MAYIWANNE                     SV WZ          -25883 +031500 +04800
683920 99999 NHLANGANO                     SV WZ          -27050 +031100 +11020
685840 99999 PORT SHEPSTONE                ZA SF          -30733 +030450 +00170
685845 99999 DURBAN/VIRGINIA               ZA SF    FAVG  -29767 +031067 +00060
685880 99999 DURBAN INTNL. AIRPO           ZA SF    FADN  -29967 +030950 +00140
685910 99999 MARGATE                       ZA SF          -30850 +030333 +01540
685930 99999 DURBAN-VIRGINIA               ZA SF    FAVG  -29767 +031050 +00140
686740 99999 CAPE HERMES                   ZA SF    FAPJ  -31633 +029550 +00470
688470 99999 PORT ALFRED                   ZA SF          -33600 +026883 +00370
689203 99999 BREDASDORP                    ZA SF    FABR  -34533 +020033 +00500
690080 99999 CAMP ROBERTS                  US US CA KSYL  +35750 -120700 +02200
690206 99999 TRES ESQUINAS                 CO CO    KQB9  +00750 -075233 +01780
690240 99999 PACIFIC BEACH                 US US WA KNIX  +47217 -124200 +00180
690300 99999 PORT O`CONNOR (CGS)           US US TX K8R9  +28433 -096433 +00030
690534 99999                                                                   
690564 99999                                                                   
690674 99999                                                                   
690794 99999                                                                   
690814 99999                                                                   
690974 99999 MUDAYSIS                      IQ IZ    KQMG  +32417 +041950 +03560
690976 99999                                                                   
691004 99999                                                                   
691014 99999                                                                   
691106 99999                                                                   
691244 99999                                                                   
691424 99999                                                                   
692284 99999 FOB HUNTER                    IQ IZ    KQBK  +31450 +047300 +00080
692614 99999                                                                   
692684 99999                                                                   
692924 99999 COP HADITHA                   IQ IZ    KQPD  +34133 +042350 +01810
693114 99999                                                                   
693124 99999                                                                   
693184 99999                                                                   
693454 99999                                                                   
693474 99999                                                                   
693724 99999                                                                   
693754 99999                                                                   
693784 99999                                                                   
693794 99999                                                                   
695023 99999 HORN ISLAND   (HID)           AU AS    KQXC  -10583 +142300       
696134 99999 FOB REO                       IQ IZ    KQJM  +32533 +044417 +00260
696324 99999                                                                   
696514 99999                                                                   
696524 99999                                                                   
696624 99999                                                                   
697124 99999                                                                   
697224 99999                                                                   
697264 99999                                                                   
697294 99999                                                                   
697354 99999                                                                   
697554 99999                                                                   
697614 99999                                                                   
697644 99999                                                                   
697744 99999                                                                   
697954 99999                                                                   
697984 99999                                                                   
698384 99999                                                                   
698584 99999                                                                   
698594 99999                                                                   
702759 99999 KOROR                         KA PS    PTKR  +07333 +134483 +00300
703921 99999                               US US AK                            
710637 99999 BOGUS CANADIAN                CN CA    VERR                       
713715 99999 ST LAMBERT                    CN CA    WLH   +45500 -073517 +00070
713725 99999 VALLEYFIELD                   CN CA QB CWVE  +45233 -074100 +00460
720048 99999 EUGENE ISLAND 330(A           US US LA K3B6  +28083 -092700 +00010
720294 99999 WASHINGTON                    US US GA KIIY  +33783 -082817 +01970
720396 99999 T P MC CAMPBELL               US US TX KT43  +27917 -097217 +00050
720541 99999 UNIVERSITY OXFORD             US US MS KUOX  +34383 -089533 +01380
720622 99999 BOWIE MUNI                    US US TX K0F2  +33600 -097783 +03360
720631 99999 MARLBORO CO JETPORT           US US SC KBBP  +34617 -079733 +00450
720632 99999 SUMMERVILLE                   US US SC KDYB  +33067 -080283 +00170
720633 99999 HARTSVILLE RGNL               US US SC KHVS  +34400 -080117 +01110
722005 99999 COFFEY CO AIRPORT             US US KS KUKL  +38300 -095717 +03580
722013 99999 KEY WEST/BOCA CHI             US US FL KBYX  +24600 -081700 +00030
722028 99999 FOWEY ROCKS (CGS)             US US FL KX86  +25583 -080100 +00010
722121 99999 CURRITUCK COUNTY              US US NC K9W7  +36400 -076017 +00050
722242 99999 GALLIANO HELIPORT             US US LA K2GL  +29417 -090300 +00020
722297 99999 WEST CAMERON B617             US US LA T81                        
722298 99999 VERMILLION AREA               US US LA KVRX  +28583 -092450 +00010
722309 12990 GRAND ISLE (SAWRS)            US US LA KAXO  +29192 -090075 +00021
722344 99999 MEMPHIS(WFO)                  US US TN KMEG  +35133 -089800 +00800
722387 99999 GULF OF MEX.(SAWRS)           US US LA E62                        
722393 99999 HIGH ISLAND A489B             US US LA KL40  +28200 -094200 +01000
722399 99999 ZAPATA-YORKTOWNTLAT           US US    VKY   +27417 -094417 +00170
722407 99999 CALCASIEU (CGS)               US US LA K8R6  +29783 -093350 +00010
722626 99999                                                                   
722917 99999 LONG BEACH                    US US CA 5L8   +33767 -118167 +00030
722919 99999 SOLANA BEACH                  US US CA K2L7  +32983 -117267 +00050
722928 99999 SAN MATEO POINT               US US CA       +33383 -117583 +00009
722979 03157 LONG BEACH NAVAL STN          US US CA NWF   +33750 -118233 +00043
723758 54928 LADYSMITH                     US US WI KRCX  +45497 -091001 +03773
724739 99999 CARABELLE                     US US FL KX13  +29833 -084700 +00060
724742 99999 VANDENBERG                    US US FL KX16  +28017 -082350 +00070
725172 99999 FENTRESS NAVAL AUX F          US US VA KNFE  +36700 -076133 +00050
749012 99999 VALPARAISO FLA/EGLIN AF AUX 1 US US FL       +30666 -086366 +00730
749014 99999 VALPARAISO FLA/EGLIN AF AUX 6 US US FL       +30616 -086733 +00420
749023 99999 FISHERMANS LAKE  LIBERIA      LI LI          +06750 -011250 +00000
749024 99999 CLEVELANDIA BRAZIL/OYAPOCK AP BZ BR    SBVE  +03866 -051816 +00020
749027 99999 LA CHORRERA  PANAMA           PM PM          +08850 -079783 +00940
749030 99999 MANDINGA  PANAMA              PM PM          +09450 -079083 +00050
749031 99999 SAN JOSE ISLAND  PANAMA       PM PM          +08250 -079133 +00820
749033 99999 SIXAOLA  COSTA RICA           CS CS    MRSX  +09516 -082650 +00100
749034 99999 POCRI  PANAMA AUX AFLD        PM PM    MPCI  +07733 -080133 +00140
749038 99999 VEGA BAJA PUERTO RICO         PU RQ          +18483 -066466 +00130
749039 99999 CAYEY PUERTO RICO             PU RQ          +18116 -066150 +03960
749041 99999 TRINIDAD BWI/CARLSEN FLD      TD TD          +10400 -061400 +00190
749042 99999 VIEQUES ISLAND PUERTO RICO    PU RQ    TJVQ  +18116 -065416 +00030
749043 99999 GREAT EXUMA ISLAND BWI        BA BF    MGTE  +23500 -075750 +00190
749063 99999 TJOUKAK  MOROCCO              MC MO          +31000 -008133 +00000
749066 99999 BERMUDA BWI NS                BE BD    MYUN  +32266 -064850 +00130
749153 99999 BAKER ISLAND                  CN CA          +00216 -176466 +00030
749154 99999 MORSE FIELD HAWAII            US US HI       +18916 -155683 +00120
749233 99999 GURA ERITREA                  ET ER          +15033 +039050 +19700
749249 99999 HAILAKUNDI INDIA              IN IN          +24716 +092533 +00250
749254 99999 SUMPRABUM BURMA               BM MM          +26549 +097550 +10530
749258 99999 SAHMAW BURMA AAF              BM MM          +25233 +096783 +01790
749259 99999 MANGSHIH CHINA AAB            CI CH          +24450 +098583 +09220
749287 99999 LA MARSA TUNISIA/MU 4         TS TS          +36849 +010250 +00570
749289 99999 EL DJEM TUNISIA               TS TS          +35333 +010666 +00000
749300 99999 MOUNT CIRCEO ITALY            IY IT          +41250 +013083 +04500
749301 99999 ORBETELLO ITALY/MU 6          IY IT          +42433 +011266 +00190
749307 99999 ANGAUR ISLAND PALAU ISLANDS   KA PS          +06900 +134150 +00060
749312 99999 BUON BLECH AI /BAN BLECH      VS VM          +13216 +108233 +06100
749314 99999 HILL 35 VIETNAM CWT           VS VM          +15616 +108399 +00350
749315 99999 GUIUAN PHILIPPINES            PH RP          +11033 +125716 +00080
749318 99999 RONGERIK MARSHALL ISLANDS     MH RM          +11299 +167483 +00030
749319 99999 RONGELAP MARSHALL ISLANDS     MH RM          +11150 +166850 +00020
749320 99999 WOTHO MARSHALL ISLANDS        MH RM          +10166 +166000 +00040
749325 99999 LOPING CHINA AAF              CI CH          +24950 +104350 +15500
749330 99999 OKINAWA RYUKYU IS/DRAKE FLD   JP JA          +26333 +127783 +00750
749333 99999 OKINAWA RYUKYU IS/MACHINATO A JP JA          +26249 +127700 +00250
749334 99999 OKINAWA RYUKYU IS/BOLO FLD    JP JA          +26400 +127716 +00270
749356 99999 TAECHONG-DO KOREA             KO KS          +37800 +124683 +02030
749366 99999 YANGYANG KOREA                KO KS          +38066 +128616 +00060
749375 99999 SOHUI-RI KOREA/TEAM 842       KO KS          +38333 +128166 +03200
749399 99999 IGARAPE ASSU  BRAZIL          BZ BR          -01066 -047616 +00570
749400 99999 BOCAYUVA  BRAZIL/CAMP ECLIPSE BZ BR          -17200 -043666 +00000
749401 99999 LEONE BAY SAMOA AIRSTRIP/FLT  ZM AQ          -14366 -170783 +00210
749402 99999 NOEMFOOR I NETHERLANDS NEW GU NG PP          -00950 +134816 +00050
749403 99999 CAPE SANSAPOR NEW GUINEA/MARD NG PP          -00500 +132083 +00000
749404 99999 MIDDLEBURG ISLAND NEI         NG PP          -00350 +132183 +00040
749405 99999 CAPE WARD HUNT NEW GUINEA     NG PP          -08066 +148166 +01070
749406 99999 NADZAB NEW GUINEA             NG PP    AYNZ  -06566 +146733 +01070
749407 99999 GUSAP NEW GUINEA              NG PP    AGAP  -06066 +145916 +03940
749408 99999 FAITA NEW GUINEA              NG PP          -05666 +145300 +01310
749410 99999 TSILI TSILI NEW GUINEA        NG PP          -06866 +146350 +01500
749411 99999 LOS NEGROS ADMIRALTY IS/MOKER NG PP          -02000 +147450 +00040
749413 99999 EMIRAU ST MATTHIAS IS/SOUTH F NG PP          -01650 +149966 +00330
749414 99999 LOS NEGROS ADMRTY IS/MOMOTE S NG PP          -02050 +147433 +00080
749415 99999 GOODENOUGH ISLAND NEW GUINEA  NG PP          -09233 +150250 +00000
749416 99999 GUASOPA WOODLARK I EAST INDIE NG PP          -09200 +152950 +00070
749417 99999 KIRIWINA I TOBRIAND IS/S STRI NG PP          -08483 +151050 +00330
749419 99999 TOROKINA FLD BOUGAINVILLE IS  SO BP          -06250 +155116 +00030
749422 99999 BOUGAINVILLE SOLOMON IS/PIVA  SO BP          -06233 +155116 +00400
749425 99999 GUADALCANAL SOLOMON IS/CARNEY SO BP          -09433 +160183 +00070
749429 99999 NUKUFETAU ELLICE ISLANDS      TV TV          -08066 +178383 +00020
749432 99999 BATCHELOR FIELD AUSTRALIA     AU AS          -13049 +131066 +01070
749438 99999 IRON RANGE AUSTRALIA          AU AS          -12700 +143300 +00180
749442 99999 WOODSTOCK AUSTRALIA           AU AS          -19599 +146833 +00640
749443 99999 JACKY JACKY AUSTRALIA/HIGGINS AU AS          -10933 +142483 +00140
749444 99999 FALL RIVER NEW GUINEA/GURNEY  NG PP          -10316 +150333 +00270
749445 99999 ESPIRITU SANTO NEW HEBRIDES   NH NH          -15500 +167250 +00090
749446 99999 EFATE NEW HEBRIDES/BAUER FLD  NH NH          -17683 +168300 +00200
749463 99999 POEMBUT N C/PLAINES DE GAIACS NC NC          -21266 +164916 +00140
749473 99999 SACRAMENTO PEAK NEW MEXICO OB US US NM       +32800 -105816 +28100
749508 99999 ROSIGNANO ITALY/MU            IY IT          +43350 +010483 +00140
749517 99999 SAIPAN MARIANA IS/MARPI PT NA MY CQ          +15266 +145816 +00470
749530 99999 PRUNELLI CORSICA              IY IT          +42000 +009383 +01630
749533 99999 BIGUGLIA CORSICA              IY IT          +42600 +009450 +00160
749539 99999 OWI I NETHERLANDS NEW GUINEA  NG PP          -01233 +136200 +00230
765395 99999 SAN LUIS POTOSI               MX MX    MMSP  +22167 -101000 +19030
765563 99999 TEPIC                         MX MX    MMEP  +21517 -104917 +09220
765713 99999 AGUASCALIENTES                MX MX    MMAS  +21883 -102317 +18850
765754 99999 LEON/SAN CARLOS               MX MX    LEN   +21067 -101550 +18290
765774 99999 DEL BAJIO/LEON                MX MX    MMLO  +21000 -101500 +18190
766110 99999                                                                   
766123 99999 GUADALAJARA INTL  &           MX MX    GDL   +20517 -103317 +15260
766450 99999                                                                   
766583 99999 COLIMA                        MX MX    MMIA  +19267 -103600 +07230
766656 99999 MORELIA NEW                   MX MX    MMMM  +19850 -101050 +18330
766855 99999 PUEBLA                        MX MX    MMPB  +19033 -098217 +21660
766875 99999 JALAPA AIRPORT                MX MX    JAL   +19467 -096750 +08530
767473 99999 CIUDAD DEL CARMEN             MX MX    MMCE  +18650 -091783 +00030
767510 99999 CHETUMAL,Q.ROO. (FAM)         MX MX          +18480 -088300       
767756 99999 OAXACA/XOXOCOTLAN             MX MX    MMOX  +16967 -096750 +15280
768433 99999 TUXTLA GUTIERREZ              MX MX    MMTG  +16750 -093133 +05280
768560 99999 PUERTO ANGEL                  MX MX          +15667 -096500 +00040
780160 99999 BERMUDA INTL                  BA BF    TXKF  +32366 -064683 +00061
780631 99999 GRAND BAHAMA AUX AF           BA BF    MYGM  +26617 -078367 +00020
780770 99999 DUNMORE/HARBOUR ISL           BA BF          +25500 -076633 +00160
780810 99999 NASSAU                        BA BF          +25083 -077367 +00030
780850 99999 MANGROVE CAY                  BA BF          +24250 -077650 +00020
781030 99999 COLONEL HILL                  BA BF          +22750 -074233 +00290
781040 99999 CHURCH GROVE                  BA BF          +22750 -074233 +00290
781200 99999 MATTHEW TOWN INAGUA           BA BF          +20950 -073650 +00030
782390 99999 CAYO COCO                     CU CU          +22533 -078367 +00100
782430 99999 EL YABU                       CU CU          +22467 -079983 +01160
782624 99999 MANAGUA                       CU CU    MUMG  +22967 -082267 +01150
782650 99999 CABO LURECIA                  CU CU          +21067 -075617 +00040
783120 99999 SANTA LUCIA PINAR D           CU CU          +22667 -083967 +00240
783134 12857 SAN JULIAN                    CU CU    MUSJ  +22067 -084150 +00171
783140 99999 SAN JUAN Y MARTINEZ           CU CU          +22283 -083833 +00300
783160 99999 LA PALMA PINAR DEL            CU CU          +22767 -083550 +00470
783220 99999 BATABANO LA HABANA            CU CU          +22717 -082283 +00070
783230 99999 GUINES                        CU CU          +22850 -082033 +00550
783260 99999 MATANZAS                      CU CU          +23017 -081517 +00460
783284 99999 SAN ANTONIO BANOS             CU CU    MUSA  +22883 -082500 +00500
783290 99999 INDIO HATUEY                  CU CU          +22817 -081000 +00190
783300 99999 JOVELLANOS MATANZAS           CU CU          +22783 -081183 +00250
783310 99999 JAGUEY GRANDE MATAN           CU CU          +22633 -081267 +00050
783350 99999 AGUADA DE PASAJEROS           CU CU          +22383 -080850 +00270
783370 99999 TRINIDAD SANCTI SPI           CU CU          +21783 -079983 +00540
783400 99999 BAINOA LA HABANA              CU CU          +23033 -081917 +00800
783410 99999 EL JIBARO SANCTI SP           CU CU          +21717 -079217 +00300
783420 99999 TOPES DE COLLANTES            CU CU          +21917 -080017 +07710
783430 99999 EL YABU VILLA CLARA           CU CU          +22433 -079983 +01160
783540 99999 PALO SECO CAMAGUEY            CU CU          +21133 -077317 +00960
783590 99999 MANSANILLO                    CU CU          +20333 -077133 +00100
783610 99999 JUCARITO GRANMA               CU CU          +20667 -076900 +00120
783620 99999 LA JIQUIMA HOLGUIN            CU CU          +20933 -076533 +01050
783700 99999 GUARO HOLGUIN                 CU CU          +20667 -075783 +00200
783710 99999 PINARES DE MAYARI H           CU CU          +20483 -075800 +06460
783730 99999 SANTIAGO DE LAS VEG           CU CU          +22967 -082383 +00780
783740 99999 TAPASTE LA HABANA             CU CU          +23017 -082133 +01200
783750 99999 MELENA DEL SUR LA H           CU CU          +22767 -082133 +00250
783760 99999 BAUTA LA HABANA               CU CU          +22967 -082533 +00650
783770 99999 VEGUITAS GRANMA               CU CU          +20317 -076883 +00300
783780 99999 VELASCO HOLGUIN               CU CU          +21083 -076300 +00350
785140 11603 AQUADILLA/BORINQUEN           PU RQ PR TJBQ  +18495 -067129 +00722
786310 99999 COBAN                         GU GT    MGCB  +15483 -090317 +13160
786372 99999 ESQUIPULAS                    GU GT    MGES  +14567 -089350 +09650
787320 99999 MASATEPE                      NK NU          +11900 -086150 +01500
787340 99999 JINOTEGA                      NK NU    MNJG  +13083 -085983 +10320
787605 99999 SAN JOSE/LA SABANA            CS CS          +09933 -084100 +11320
787630 99999 AGROPECURARIA                 CS CS    MRPT  +09967 -084817 +00030
787830 99999 ENRIQUE ADOLFO JIME           PM PM          +09350 -079867 +00080
787880 99999 EL PORVENIR                   PM PM    MPVR  +09567 -078950 +00020
788075 99999 TOCUMEN/GEN. OMAR             PM PM          +09083 -079367 +00410
789070 99999 ROSEAU                        DO DO    TDPR  +15300 -061400 +00720
789543 99999 BRIDGETOWN (CITY)             BR BB    TBPO  +13100 -059617 +00500
789550 99999 CARIBBEAN METEOROLO           BR BB          +13150 -059617 +01130
800810 99999 ALTO CURICHE                  CO CO          +07050 -076350 +03011
800890 99999 OTU                           CO CO    SKOT  +07000 -074717 +06060
800930 99999 BUCARAHALGA                   CO CO          +07100 -072800 +09388
800940 99999 BUCARAMANGA/PALONEG           CO CO    SKBG  +07100 -073200 +11890
801100 99999 MEDELLIN/OLAYA HERR           CO CO    SKMD  +06217 -075600 +14990
802100 99999 PEREIRA/MATECANA              CO CO    SKPE  +04817 -075733 +13420
802110 99999 ARMENIA/EL EDEN               CO CO    SKAR  +04500 -075717 +12190
803000 99999 GUAPI                         CO CO          +02583 -077900 +00540
803080 99999 POPAYAN/MACHANGARA            CO CO    SKPP  +02467 -076600 +17300
803420 99999 PASTO/ANTONIO NARIN           CO CO    SKPS  +01417 -077267 +18260
804143 99999 OSCAR MACHADO ZULOA           VN VE    SVCS  +10283 -066817 +06540
804203 99999 HIGUEROTE                     VN VE    SVHG  +10450 -066083 +00030
804215 99999                                                                   
804255 99999 BOGUS VENEZUELAN              VN VE    MVSD                       
804380 99999 MERIDA                        VN VE    SVMD  +08600 -071183 +14980
804413 99999 SAN TOME                      VN VE    SVST  +08933 -064150 +02620
804620 99999 SANTA ELENA DE UAIR           VN VE    SVSE  +04600 -061117 +09070
804653 99999 PARAMILLO                     VN VE    SVPM  +07800 -072200 +10100
804790 99999 PALMICHAL                     VN VE          +10300 -068233 +10000
810050 99999 KAMARANG                      GY GY          +05883 -060500 +04950
810800 99999 KAIETEUR FALLS                GY GY          +05183 -059483 +04390
812050 99999 CORONIE                       SM NS          +05850 -056317 +00030
812080 99999 ALBINA                        SM NS    SMBN  +05500 -054050 +00030
812500 99999 TAFELBERG                     SM NS          +03783 -056150 +03230
820940 99999 PONTA DO CEU                  BZ BR          +00767 -050100 +00040
821780 99999 OBIDOS                        BZ BR          -01917 -055517 +00370
821810 99999 MONTE ALEGRE                  BZ BR          -02000 -054083 +01460
821910 99999 BELEM                         BZ BR          -01450 -048467 +00100
822120 99999 FONTE BOA                     BZ BR          -02533 -066167 +00560
822630 99999 CAMETA                        BZ BR          -02250 -049500 +00240
822800 99999 SAO LUIZ                      BZ BR          -02533 -044300 +00510
823260 99999 CODAJAS                       BZ BR          -03833 -062083 +00490
823365 99999 MONTE DOURADO                 BZ BR    SBMD  -00883 -052600 +02060
823970 99999 FORTALEZA                     BZ BR          -03767 -038600 +00260
824250 99999 COARI                         BZ BR          -04083 -063133 +00460
824870 99999 GUARAMIRANGA                  BZ BR          -04283 -039000 +08700
825940 99999 MACAU                         BZ BR          -05117 -036633 +00060
825950 99999 CALCANHAR                     BZ BR          -05167 -035483 +00140
825960 99999 CEARA-MIRIM                   BZ BR          -05650 -035417 +00610
825980 99999 NATAL                         BZ BR          -05767 -035200 +00450
825991 99999 MINISTRO VICTOR KON           BZ BR    SBNF  -26867 -048650 +00050
826830 99999 TAUA                          BZ BR          -06000 -040417 +03990
826843 99999 CARAJAS/MARABA                BZ BR    SBCJ  -06117 -050000 +06180
826890 99999 SAO GONCALO                   BZ BR          -06750 -038217 +02330
827410 99999 ALTO TAPAJOS                  BZ BR          -07350 -057517 +01400
827770 99999 CAMPOS SALES                  BZ BR          -07000 -040383 +05830
827910 99999 PATOS                         BZ BR          -07017 -037267 +02490
828160 99999 BOCA DO ACRE                  BZ BR    SBBA  -08750 -067400 +01190
828630 99999 PEDRO AFONSO                  BZ BR          -08967 -048183 +01870
828790 99999 S.JOAO DO PIAUI               BZ BR          -08350 -042250 +02350
828820 99999 PAULISTANA                    BZ BR          -08132 -041133 +03750
828860 99999 CABROBO                       BZ BR          -08517 -039333 +03410
828930 99999 GARANHUNS                     BZ BR          -08883 -036517 +08230
828981 99999 RECIFE  BRAZIL/IBURA FLD      BZ BR    SBRF  -08116 -034916 +00090
829000 99999 RECIFE                        BZ BR          -08050 -034917 +00070
829270 99999 COTRIGUACU                    BZ BR          -09917 -058267 +02500
829760 99999 CARACOL                       BZ BR          -09283 -043333 +05230
829920 99999 PALMEIRO DOS INDIOS           BZ BR          -09450 -036700 +02750
829940 99999 MACEIO                        BZ BR          -09667 -035700 +00650
830330 99999 MACHADO                       BZ BR          -21667 -045833 +09050
830760 99999 IBIPETUBA                     BZ BR          -11017 -044517 +04500
830880 99999 SENAR DO BOMFMI               BZ BR          -10467 -040183 +00550
830960 99999 ARACAJU                       BZ BR          -10917 -037050 +00050
830970 99999 PROPRIA                       BZ BR          -10200 -036867 +00190
831820 99999 IRECE                         BZ BR          -11300 -041867 +07470
831840 99999 MORRO DO CHAPEU               BZ BR          -11217 -041217 +10050
831860 99999 JACOBINA                      BZ BR          -11183 -040467 +04850
831950 99999 ITABAIANINHA                  BZ BR          -11117 -037817 +02080
832140 99999 MATUPA                        BZ BR          -10250 -054917 +02850
832290 99999 SALVADOR                      BZ BR          -13017 -038517 +00510
832350 99999 TAGUATINGA                    BZ BR          -12400 -046433 +06040
832420 99999 LENCOIS                       BZ BR          -12567 -041383 +04390
832440 99999 ITABERABA                     BZ BR          -12550 -040433 +02490
832640 99999 GLEBA CELESTE                 BZ BR          -12200 -056500 +04150
833020 99999 ALCOMAT                       BZ BR          -14250 -059250 +06900
833320 99999 POSSE                         BZ BR          -14100 -046367 +08260
833390 99999 CAETITE                       BZ BR          -14050 -042617 +08820
833580 99999 POXOREO (POXOREU)             BZ BR          -15833 -054383 +04500
833640 99999 PADRE RECORDS REM             BZ BR          -15783 -056067 +01400
833760 99999 PIRENOPOLIS                   BZ BR          -15850 -048967 +07300
833790 99999 FORMOSA                       BZ BR          -15533 -047333 +09120
833830 99999 BURITIS                       BZ BR          -15617 -046417 +06000
833880 99999 MONTE AZUL                    BZ BR          -15083 -042750 +06030
833890 99999 MOCAMBINHO                    BZ BR          -15050 -044017 +04520
833930 99999 PEDRA AZUL                    BZ BR          -16000 -041283 +06490
833950 99999 JANAUBA                       BZ BR          -15783 -043300 +05160
833980 99999 CANAVIEIRAS                   BZ BR          -15667 -038950 +00050
834280 99999 BOGUS BRAZILIAN               BZ BR          -99999 -999999 -99999
834700 99999 RIO VERDE                     BZ BR          -17917 -050917 +07270
834790 99999 PARACATU                      BZ BR          -17217 -046867 +07110
834880 99999 ITAMARANDIBA                  BZ BR          -17850 -042850 +10970
834980 99999 CARAVELAS                     BZ BR          -17733 -039250 +00030
834990 99999 ABROLHOS                      BZ BR          -17967 -038700 +00380
835220 99999 IPAMERI                       BZ BR          -17717 -048167 +07520
835310 99999 PATOS DE MINAS                BZ BR          -18600 -046517 +09400
835380 99999 DIAMANTINA                    BZ BR          -18250 -043600 +12970
835430 99999 GOVERNADOR VALADARE           BZ BR          -18850 -041933 +02770
835650 99999 PARANAIBA                     BZ BR          -19700 -051183 +03310
835660 99999 BELO HORIZONTE (CON           BZ BR          -19617 -043567 +08270
835700 99999 POMPEU                        BZ BR          -19217 -045000 +06910
835790 99999 ARAXA                         BZ BR          -19567 -046933 +10040
835820 99999 BAMBUI                        BZ BR          -20000 -045983 +06610
835860 99999 SETE LAGOAS                   BZ BR          -19467 -044250 +07320
835870 99999 BELO HORIZONTE                BZ BR    SBCF  -19933 -043933 +08280
835880 99999 LAGOA SANTA AIRPORT           BZ BR          -19667 -043900 +08370
835890 99999 CONCEICAO DO MATO D           BZ BR          -19033 -043433 +06750
835920 99999 CARATINGA                     BZ BR          -19800 -042150 +06090
836230 99999 VOTUPORANGA                   BZ BR          -20417 -049983 +05030
836420 99999 VICOSA                        BZ BR          -20750 -042850 +06900
836590 99999 DOURADOS                      BZ BR          -22233 -054817 +04520
836600 99999 MARAMBAIA                     BZ BR          -23050 -043600 +00160
836690 99999 SAO SIMAO                     BZ BR          -21483 -047550 +06170
836723 99999 PORTO SEGURO                  BZ BR    SBPS  -16433 -039083 +00510
836760 99999 CATANDUVA                     BZ BR          -21133 -048967 +05360
836830 99999 MACHADO                       BZ BR          -21667 -045917 +08730
836870 99999 LAVRAS                        BZ BR          -21233 -045000 +09190
836950 99999 ITAPERUNA                     BZ BR          -21200 -041883 +01230
837040 99999 IVINHEMA                      BZ BR          -22317 -053933 +03690
837140 99999 CAMPOS DO JORDAO              BZ BR          -22733 -045583 +15790
837190 99999 CABO FRIO                     BZ BR          -22983 -042033 +00070
837290 99999 CAMPINAS                      BZ BR          -22900 -047083 +06690
837360 99999 SAO LOURENCO                  BZ BR          -22100 -045017 +09000
837490 99999 BOGUS BRAZILIAN               BZ BR                               
837830 99999 CAMPO MOURAO                  BZ BR          -24050 -052367 +06160
837860 99999 UBATUBA                       BZ BR          -23450 -045067 +00080
837870 99999 MOELA                         BZ BR          -24050 -046267 +01010
838110 99999 IVAI                          BZ BR          -24400 -050833 +08080
838130 99999 CASTRO                        BZ BR          -24783 -050000 +10090
838310 99999 S.MIGUEL IGUACU               BZ BR          -25333 -054250 +02900
838720 99999 INDAIAL                       BZ BR          -26900 -049217 +00680
838950 99999 ARVOREDO                      BZ BR          -27300 -048350 +00200
839120 99999 CRUZ ALTA                     BZ BR          -28633 -053600 +04640
839160 99999 LAGOA VERMELHA                BZ BR          -28417 -051583 +08060
839250 99999 SANTA MARTA                   BZ BR          -28600 -048817 +00450
839530 99999 SANTANA DO LIVRAMEN           BZ BR          -30883 -055533 +02310
839700 99999 MOSTARDAS                     BZ BR          -31250 -050900 +00050
840070 99999 SAN CRISTOBAL ISL &           EQ EC    SEST  -00917 -089617 +00260
840430 99999 IBARRA AEROPUERTO             EQ EC    SEIB  +00333 -078133 +22280
840500 99999 LA CONCORDIA                  EQ EC          +00033 -079367 +03790
840510 99999 OTAVALO                       EQ EC          +00217 -078250 +25500
840515 99999 SAN CRISTOBAL ISL &           EQ EC          -00433 -090267 +00160
841110 99999 PORTOVIEJO/REALES             EQ EC          -01033 -080467 +00440
841290 99999 GUAYAQUIL/SIMON BOL           EQ EC          -02150 -079883 +00040
841310 99999 TIPUTINI                      EQ EC    SETI  -00783 -075517 +02200
841350 99999 PORTOVIEJO                    EQ EC          -01033 -080433 +00600
841400 99999 PICHILINGUE                   EQ EC          -01100 -079467 +00730
841630 99999 PASTAZA/RIO AMAZONA           EQ EC    SEPA  -01500 -078050 +10430
842000 99999 SALINAS AEROPUERTO            EQ EC    SESA  -02200 -080983 +00080
842051 99999 MACARA/J.M.VELASCOI           EQ EC          -04383 -079967 +04300
842700 99999 LOJA/LA ARGELIA               EQ EC          -04033 -079200 +21600
844400 99999 RIOJA                         PR PE    SPJA  -06067 -077150 +07920
845010 99999 TRUJILLO                      PR PE    SPRU  -08083 -079100 +00300
845640 99999 HUANUCO                       PR PE    SPNC  -09867 -076200 +18600
846231 99999 JAUJA                         PR PE    SPJJ  -11783 -075483 +33630
846280 99999 LIMA-CALLAO/AEROP.            PR PE    SPIM  -12000 -077117 +00130
846770 99999 QUINCEMIL                     PR PE    SPIL  -13267 -070667 +06340
846910 99999 PISCO                         PR PE    SPSO  -13733 -076217 +00070
847210 99999 SAN JUAN                      PR PE    SPJN  -15383 -075167 +00600
847615 99999 C. TORQUE PODESTA             PR PE    SPEQ  -17200 -070933 +00000
847730 99999 ILO                           PR PE    SPLO  -17683 -071333 +00090
854060 99999 ARICA                         CH CI    SCAR  -18467 -070167 +00580
854170 99999 IQUIQUE                       CH CI          -20533 -070183 +00520
854690 99999 ISLA DE PASCUA                CH CI    SCIP  -27167 -109433 +00690
864805 99999 CAPT CURBELO                  UY UY          -34867 -055100 +00300
871710 99999 GENERAL PAZ                   AG AR          -27750 -057633 +00740
873590 99999 RAFAELA INTA                  AG AR          -31183 -061550 +01000
876580 99999 SANTA TERESITA AERO           AG AR          -36550 -056683 +00040
878230 99999 P.MADRYN AERO                 AG AR          -42733 -065066 +01360
911170 99999 KIPAPA FIELD HAWAII           US US HI PHHI  +21483 -158033 +02560
911310 99999 MARCUS ISLAND                 JA             +24283 +153967 +00168
911580 99999 PRINCEVILLE KAUAI             US US HI       +22217 -159450 +00980
911630 99999 PORT ALLEN ARPT               US US HI       +21900 -159600 +00091
911649 99999 LIHUE KAUAI ISL               US US HI PHLU  +21983 -159333 +00310
911650 22536 LIHUE AIRPORT                 US US HI PHLI  +21979 -159341 +00451
911660 99999 MAKAHUENA POINT/KAU           US US HI       +21883 -159417 +00160
911665 99999 KOLOA (CGS)                   US US HI 1Z4   +21867 -159450 +00150
911681 99999 WAIALUA-ON-OAHU               US US HI       +21583 -158117 +00050
911690 99999 WAIALEE  OAHU                 US US HI       +21683 -158033 +00100
911760 22519 KANEOHE BAY MCAS              US US HI PHNG  +21451 -157768 +00055
911780 22551 KALAELOA ARPT                 US US HI PHJR  +21317 -158067 +00101
911800 99999 HICKAM AFB/OAHU               US US HI PHIK  +21333 -157950 +00040
911820 22521 HONOLULU INTL ARPT            US US HI PHNL  +21328 -157943 +00046
911840 99999 WAIMANALO                     US US HI       +21333 -157717 +00180
911860 22534 MOLOKAI (AMOS)                US US HI PHMK  +21157 -157099 +01353
911900 22516 KAHULUI AIRPORT               US US HI PHOG  +20902 -156433 +00152
911903 22516 KAHULUI AIRPORT               US US HI PHOG  +20902 -156433 +00152
911904 22552 KAPALUA                       US US HI PHJH  +20963 -156673 +00780
911905 22524 LANAI                         US US HI PHNY  +20786 -156951 +03987
911905 99999 LANAI                         US US HI PHNY  +20783 -156950 +04090
911907 99999 HANA                          US US HI PHHN  +20783 -156017 +00240
911910 99999 KEAWAKAPU BEACH               US US HI       +20700 -156450 +00030
911940 99999 KAHOOLAWE                     US US HI       +20550 -156583 +03660
911950 99999 UPOLU POINT(USCG)             US US HI       +20250 -155883 +00190
911961 99999 UPOLU ARPT/HAWAII             US US HI UPP   +20267 -155867 +00310
911975 21510 KONA INTL AT KEAHOL           US US HI PHKO  +19736 -156049 +00131
911976 99999 WAIMEA KOHALA                 US US HI PHMU  +20000 -155667 +08140
911990 99999 HAINA                         US US HI       +20100 -155467 +01400
912120 41415 GUAM WFO                      GM GQ    PGUM  +13483 +144800 +00774
912170 99999 GUAM MARIANA IS               GM GQ    PGAC  +13550 +144833 +01110
912320 41818 SAIPAN/ISLEY (CGS)            MY CQ CQ PGSN  +15119 +145729 +00640
912320 99999 SAIPAN/ISLEY (CGS)            MY CQ    PGSN  +15117 +145733 +00320
912510 99999 ENIWETOK ATOLL AWS            MH RM          +11367 +162350 +00020
912540 99999 BIKINI ATOLL                  MH RM          +11517 +165550 +00030
912810 99999 KONA/HAWAII ISLAND            US US HI       +19650 -156000 +00090
912850 21504 HILO INTERNATIONAL AP         US US HI PHTO  +19723 -155051 +00110
912853 21504 HILO GENERAL LYMAN ARPT       US US HI PHTO  +19723 -155051 +00110
912930 99999 SOUTH KONA/HAWAII             US US HI PHWH  +19100 -155750 +08080
912940 99999 SOUTH POINT                   US US HI       +19000 -155667 +02900
913140 99999 SONSORAL MARSHAL              KA FM          +05333 +132383 +00030
913280 99999 ULUI ATOLL (AMOS)             KA FM          +08583 +149650 +00020
913430 99999 OROLUK ISLAND                 KA FM          +07633 +155167 +00030
913481 99999 POHNPEI WEATHER CEN           KA FM    PTTP  +06967 +158217 +00390
913500 99999 MWOAKILLO                     KA FM          +06067 +159783 +00020
913520 99999 PINGELAP ATOLL(AUT)           KA FM          +06217 +160700 +00040
913550 99999 KOSRAE CAROLINES/V            KA FM    PTTK  +05350 +162950 +00020
913650 99999 UJAE ATOLL AWS(AUT)           MH RM          +08900 +165733 +00020
913691 99999 MAJURO ATOLL WEATHE           MH FM    PKMR  +07083 +171133 +00040
913740 99999 MALEOLAP ATOLL                MH RM          +08900 +170850 +00030
913780 99999 MILI ATOLL/MARSHALL           MH RM          +06083 +171733 +00040
914420 99999 EBON ATOLL AWS                MH RM          +04600 +168683 +00030
915190 99999 HONIARA/NTF/AWS               SO BP          -09433 +159967 +00000
915590 99999 POINT VITA/NTF/AWS            NH NH          -17757 +168300 +00000
915620 99999                                                                   
915790 99999 OULOUP (ILE OUVEA)            NC NC    NWWV  -20650 +166583 +00070
915870 99999 LA ROCHE (ILE MARE)           NC NC    NWWR  -21483 +168033 +00420
915960 99999 MOUE (ILE DES PINS)           NC NC    NWWE  -22600 +167450 +00970
916560 99999 LABASA AWS                    FJ FJ          -16433 +179417 +00020
916760 99999 VANUA BALAVU AWS              FJ FJ          -17233 -178950 +00520
916790 99999 LAUTOKA QUEENS WHAR           FJ FJ          -17600 +177450 +00000
916820 99999 SIGATOKA AWS                  FJ FJ          -18150 +178417 +00090
916830 99999 NAUSORI                       FJ FJ    NFNA  -18050 +178567 +00070
916890 99999 SUVA KINGS WHARF              FJ FJ          -18133 +178433 +00000
916900 99999 LAUTHALA BAY                  FJ FJ    NFLB  -18150 +178450 +00060
917550 99999 AVATA                         ZM WS          -13483 -172767 +02000
917580 99999 FALEOLO ARPT                  ZM WS          -13817 -171983 +00180
917600 99999 ASAU                          ZM WS          -13500 -172633 +00040
917630 99999 CAPE TAPANGA                  ZM WS          -14050 -171450 +00340
917790 99999 LUPEPAUU                      TO TN          -18583 -173967 +00700
917830 99999 VAVAU INTL                    TO TN    NFTV  -18583 -173950 +00720
917890 99999 NUKUALOFA                     TO TN          -21133 -175183 -99999
917920 99999 FUAAMOTU                      TO TN    NFTF  -21233 -175150 +00410
918240 99999 HANAN AIRPORT                 KU NE          -19083 -169933 +00590
918410 99999 MAUKE AWS                     KU CW          -20167 -157350 +00250
918430 99999 RAROTONGA                     KU CW    NCRG  -21200 -159817 +00070
918470 99999 MANGAIA ISLAND                KU CW          -21917 -157950 +00090
918480 99999 MANGAIA AWS                   KU CW          -21917 -157950 +00410
919020 99999 MALDEN ISLAND (NORP           KB KR          -04050 -155000 +00020
919440 99999 HAO                           PF FP    NTTO  -18067 -140950 +00030
919450 99999 HEREHERETUE                   PF FP          -19900 -145000 +00040
919480 99999 RIKITEA                       PF FP          -23133 -134967 +00890
919500 99999 RURUTU ISLAND                 PF FP          -22433 -151367 +00030
919520 99999 MURUROA                       PF FP    NTTX  -21817 -138800 +00030
919530 99999 MARUTEA PF                    PF FP          -21483 -135450 +00030
919580 99999 RAPA                          PF FP          -27617 -144333 +00020
919610 99999 PITCAIRN ISLAND A             NZ PC          -25067 -130100 +02650
919620 99999 PITCAIRN ISLAND B             NZ PC          -25067 -130100 +02650
919640 99999 PITCAIRN ISLAND C                PC          -25067 -130100 +02650
920060 99999 KOINAMBE                      NG PP          -05483 +144600 +08840
920100 99999 GOROKA ATS                    NG PP          -06067 +145383 +15870
920360 99999 LOMBRUM MANUS ISLAND          NG PP          -02417 +147383 +00010
920400 99999 BIPI                          NG PP          -02017 +146983 +00040
920680 99999 AGAUN                         NG PP          -09967 +149383 +10050
920690 99999 KURADA                        NG PP          -10050 +151000 +00030
920700 99999 SIDEIA                        NG PP          -10617 +150667 +00030
920820 99999 NUGURIA                       NG PP          -03317 +154667 +00030
920840 99999 FENI                          NG PP          -04017 +153667 +00020
920920 99999 NIMOWA                        NG PP          -11300 +153267 +00030
921200 99999 DARWIN (CIV/MIL)              AU AS          -12433 +130867 +00290
937550 99999 FAIRLIE                       NZ NZ          -44100 +170817 +03000
939940 99999 RAOUL ISLAND (AUT)            NZ NZ          -29250 -177917 +00490
939950 99999 LORD HOWE ISL M.O.            AU AS          -31533 +159083 +00460
939960 99999 NORFOLK ISLAND                AU AS          -29050 +167933 +01090
939970 99999 RAOUL ISL/KERMADEC            NZ NZ    NZRN  -29250 -177917 +00490
940020 99999 AITAPE                        NG PP          -03150 +142350 +00030
940481 99999 FINSCHAFEN                    NG PP          -06633 +147867 +00080
940691 99999 KANDRIAN                      NG PP          -06217 +149533 +00910
941850 99999 COEN CITY                     AU AS          -13950 +143200 +01940
941870 99999 MUSGRAVE                      AU AS          -14783 +143500 +00820
942150 99999 DOONGAN                       AU AS          -15383 +126317 +03860
942570 99999 SWEERS ISLAND                 AU AS          -17117 +139600 +00040
942690 99999 CROYDON                       AU AS          -18200 +142233 +01190
942880 99999 ATHERTON TREATMENT            AU AS          -17250 +145483 +07520
943500 99999 BARCALDINE                    AU AS          -23550 +145283 +02670
943750 99999 BARALABA POST OFFIC           AU AS          -24183 +149817 +00940
943780 99999 RUNDLE ISLAND                 AU AS          -23533 +151283 +00200
943790 99999 GANNET CAY                    AU AS          -21967 +152467 +00080
943900 99999 SANDY CAPE                    AU AS          -24717 +153200 +01010
944050 99999 BROLHOS ISLAND (NOR           AU AS          -28300 +113600 +00110
944400 99999 WILUNA YEELIRRIE              AU AS          -27283 +120100 +04880
944460 99999 MENZIES                       AU AS          -29683 +121017 +04270
945250 99999 TAROOM                        AU AS          -25633 +149783 +02000
945710 99999 GRAFTON                       AU AS          -29683 +152917 +00090
945740 99999 CASINO AIRPORT                AU AS          -28883 +153050 +00260
945800 99999 GOLD COAST SEAWAY             AU AS          -27933 +153433 +00030
945850 99999 GLEN INNES AGR RESE           AU AS          -29700 +151700 +10600
945950 99999 CAPE BYRON LIGHTHOU           AU AS    YWGT  -28633 +153633 +00980
945952 99999 HAMILTON ISLAND               AU AS    YBHM  -20350 +148950 +00050
947180 99999 COONAMBLE COMPARISO           AU AS          -30983 +148383 +01800
947810 99999 NEWCASTLE UNIVERSITY          AU AS          -32900 +151700 +00210
948070 99999 KINGSCOTE                     AU AS          -35650 +137633 +00200
948250 99999 CASTERTON                     AU AS          -37600 +141417 +00730
948310 99999 OUYEN                         AU AS          -35067 +142317 +00500
948410 99999 WARRACKNABEAL                 AU AS          -36250 +142400 +01130
948440 99999 KERANG                        AU AS          -35733 +143917 +00780
948490 99999 MARYBOROUGH                   AU AS          -37050 +143733 +02490
948560 99999 GEELONG CITY                  AU AS          -38083 +144333 +00550
948800 99999 NOOJEE (SLIVAR)               AU AS          -37900 +145967 +02750
949950 99999 LORD HOWE ISLAND AE           AU AS          -31533 +159067 +00070
949999 00069 GOVE AIRPORT                  AU AS          -12280 +136820 +00500
949999 00152 TOWNSVILLE (ROSS RIVER)       AU AS          -19300 +146780       
949999 00155 MACKAY AIRPORT /MO1943-1945   AU AS          -21170 +149180 +00060
949999 00178 COOLANGATTAAERO               AU AS          -28170 +153500 +00060
952860 99999 MAREEBA AIRPORT AWS           AU AS          -17067 +145433 +04730
952990 99999 WILLIS ISLAND COIMP           AU AS          -16283 +149967 +00080
953100 99999 PARABURDOO                    AU AS          -23200 +117667 +03910
953180 99999 MOUNT AUGUSTUS                AU AS          -24300 +116917 +03370
956889 99999 WANBI RESEARCH CENTRE         AU AS          -34780 +140280 +00770
958550 99999 WEEAPROINAH                   AU AS          -38633 +143517 +04920
960011 99999 SRI AMAN/SIMANGGA             MS MY    WBGY  +01217 +111450 +00110
961635 99999 PADANG                        ID ID    WIPT  -00783 +100283 +00050
965050 99999 LONG BAWAN/JUVAI SE           ID ID    WRLB  +03733 +115683 +05500
965330 99999 SINGKAWANG II                 ID ID    WIOI  +01083 +109667 +00380
967510 99999 BOGOR/CITEKO                  ID ID          -06700 +106933 +03000
967550 99999 BOGOR/ATANG SANJAYA           ID ID          -06550 +106900 +01710
967810 99999 BANDUNG/HUSEIN                ID ID    WIIB  -06900 +107583 +07400
967815 99999 HUSEIN SASTRANEGARA           ID ID    WICC  -06900 +107567 +07420
967830 99999 BANDUNG                       ID ID          -06883 +107600 +07910
968570 99999 PACITAN                       ID ID          -08200 +111050 +00010
969470 99999 MALANG/ABDUL (AFB)            ID ID    WIAS  -07967 +112700 +05260
969950 99999 CHRISTMAS ISLAND AE           AU KT    YPXM  -10450 +105683 +02620
972840 99999 RUTENG/SATAR TACIK            ID ID          -08633 +120450 +11700
973950 99999 BAU CAU                       ID TT    WPEC  -08500 +126400 +05220
976860 99999 WAMENA                        ID ID    WAJW  -04067 +138950 +16600
977800 99999 ENAROTALI                     ID ID    WABT  -03917 +136367 +17700
983280 99999 BAGUIO                        PH RP    RPUB  +16417 +120600 +15010
984330 99999 TANAY                         PH RP          +14567 +121367 +06510
984375 99999 MARINDUQUE                    PH RP    RPUW  +13350 +121817 +00100
987455 99999 MALABANG                      PH RP    RPWM  +07617 +124050 +00080
990174 99999 MOORED BUOY 51028                            +00000 -153850 +00000
990179 99999 MOORED BUOY 42041                      DB174 +27500 -090467 +00000
992020 99999 ENVIRONM BUOY 51001           US US    DB202 +23400 -162300 +00000
992430 99999 ENVIRONM BOUY 51002           US US    DB243 +17200 -157800 +00000
992610 99999 ENVIRONM BUOY 51003           US US    DB261 +19200 -160800 +00000
992620 99999 ENVIRONM BUOY 51004           US US    DB262 +17500 -152600 +00000
992830 99999 ENVIRONM BUOY 51005           US US    DB283 +20300 -156100 +00030
992840 99999 ENVIRONM BUOY 32302           US US    DB28  -17967 -085050 +00030
994007 99999 HONOLULU                      US US HI OOUH1 +21300 -157867 +00030
994310 99999 ALLIGATOR REEF                US US FL ALRF1 +24850 -080617 +00480
994480 99999 ENEWETAK/MARSHALLS            US US    ENIP  +11350 +162400 +00000
994490 99999 UJAE ATOLL/MARSHALL           US US    UJAP  +08900 +165700 +00000
994500 99999 MILI/MARSHALL ISL             MH RM    MLIP2 +06000 +172000 +00000
994540 99999 KUSAIE                        US FM    KOSP2 +05350 -162967 +00020
994630 99999 DRY TORTUGAS                  US US FL DRYF1 +24633 -082867 +00050
994850 99999 TERREBONNE BAY                US US LA TRBL1 +29167 -090583 +00140
996290 99999 ENVIRONM BUOY 41100           FR FR    DB629 +15900 -057900 +00030
996880 99999 ENVIRONM BUOY 62151           UK UK    DB688 +54000 +000700 -99999
997050 99999 MOORED BUOY 41101                      DB705 +14600 -056200 +00000
997213 99999 MOORED BUOY 45154                      DB737 +46050 -082633 +01800
997367 99999 WAVELAND                      US US MS WAVM6 +30283 -089367 +00100
997379 99999 SAND ISLAND MIDWAY               MQ    SNDP5 +28200 -117350 +00040
997384 99999 MOLUOLOE                      US US HI KLIH1 +20900 -156467 +00040
997385 99999 KWAJALEIN ISLAND              MH RM    KWJP8 +08733 +167733 +00030
997396 99999 MOORED BUOY 41040                      DB818 +14500 -053017 +00030
997397 99999 MOORED BUOY 41041                      DB819 +14500 -046000 +00030
997399 99999 MOORED BUOY 42057                      DB821 +14983 -079983 +00030
997401 99999 USM3M01 BUOY 42067                     DB823 +30033 -088650 +00030
997435 99999 MOORED BUOY 42047                      DB857 +27900 -093600 +00030
997699 99999 PAGO PAGO                     ZM AQ    NSTP6 -14283 -170700 +00030
997713 99999 DATA BUOY 41027                        DB398 +33300 -078133 +00030
997986 99999 DATA BUOY 41043               US US    41043 +20983 -065016 +00030
998170 99999 BERMUDA ESSO PIER             BE BD    BEPB6 +32366 -064700 +00020
998191 99999 HILO                          US US HI       +19717 -155050 +00000
998193 99999 MOKUOLOE                      US US HI       +21433 -157783 +00030
998195 99999 NAWILIWILI                    US US HI       +21950 -159350 +00000
998211 99999 OCEAN CITY INLET              US US MD       +38317 -075083 +00000
998214 99999 MEDIA LUNA / LA PARG          PU RQ    LPRP  +17933 -067050 +00070
998215 99999 SALT RIVER BAY / ST           VI VQ    SRBV  +17783 -064766 +00070
998229 99999 CHRISTIANSTED HARBOR          VI VQ          +17750 -064700 +00030
998246 99999 ARECIBO                       PU RQ          +18483 -066700 +00030
998247 99999 FAJARDO                       PU RQ          +18333 -065633 +00030
998248 99999 MAYAGUEZ                      PU RQ          +18217 -067150 +00030
998249 99999 PENUELAS                      PU RQ          +17967 -066767 +00030
998251 99999 YABUCOA HARBOR                PU RQ          +18050 -065833 +00030
998257 99999 ISABEL SEGUNDA / VIE          PU RQ    VQSP4 +18150 -065433 +00060
998650 99999                                                                   
999999 10502 GEORGETOWN                    GY GY    SYCJ  +06500 -058250 +00290
999999 10719 FORT SHERMAN                  PM PM    MBFS  +09367 -079950 +00091
999999 11610 WALLER BWI                    TD TD          +10617 -061217 +00411
999999 11618 SAN JUAN NS                   PU RQ          +18467 -066117 +00131
999999 11621 TRINIDAD BWI                  TD TD    MCGU  +10683 -061617 +00131
999999 11624 CHRISTIANSTED HAMILTON FIELD  VI VQ    KSTX  +17700 -064800 +00134
999999 11631 SAN JUAN CITY                 PU RQ          +18467 -066100 +00149
999999 11637 PONCE SANTA ISABEL            PU RQ          +17967 -066400 +00091
999999 11640 CHARLOTTE AMALIE HARRY S TRUM VI VQ    KSTT  +18350 -064967 +00061
999999 11644 ST LUCIA ISLAND               LC LC          +13750 -060983 +00991
999999 11647 ST JOHNS                      AT AX    MKPA  +17133 -061783 +00189
999999 11650 SAN ISIDRO                    DR DR    MSSO  +18500 -069750 +00351
999999 11704 KINGSTON                      JM JM    MKJP  +17900 -077283 +00049
999999 11803 CORINTO                                MNCT  +12483 -087183 +00040
999999 11806 PUERTO CASTILLA               HO HO    MHCT  +16017 -085950 +00021
999999 11807 SWAN ISLAND                   HO HO    MHIC  +17400 -083933 +00110
999999 12706 GREAT EXUMA ISLAND            BA BF    MGTE  +23517 -075783 +00189
999999 12716 SAN SALVADOR                  BA BF    MYSM  +24067 -074517 +00091
999999 12826 HOMESTEAD AAF                 US US FL KHST  +25488 -080384 +00021
999999 12848 DINNER KEY NAF                US US FL       +25733 -802333 +00040
999999 12849 FORT LAUDERDALE HOLLYWOOD INT US US FL KFLL  +26072 -080154 +00034
999999 12853 RICHMOND NAS                  US US FL       +25617 -080417 +00091
999999 12857 SAN JULIAN                    CU CU    MUSJ  +22067 -084150 +00171
999999 12927 HOUMA NAS                     US US LA KHUM  +29566 -090660 +00030
999999 13601 BERMUDA                       BE BD WI TXKF  +32367 -064667 +00034
999999 13602 BERMUDA                       BE BD    MYUN  +32267 -064850 +00131
999999 13711 LAURINBURG AAB                US US NC       +34783 -079383 +00631
999999 13758 CHARLESTON NAS                US US SC KCLX  +32850 -079933 +00021
999999 21503 HILO NAS                      US US HI       +19717 -155050 +00119
999999 21504 HILO INTERNATIONAL AP         US US HI PHTO  +19723 -155051 +00110
999999 21601 JOHNSTON ISLAND               PN PN          +16733 -169517 +00049
999999 21603 JOHNSTON IS WSO AP            PN PN JQ PJON  +16731 -169535 +00052
999999 22501 BARKING SANDS                 US US HI PHBK  +22025 -159789 +00037
999999 22508 WHEELER AFB 810.1             US US HI PHHI  +21485 -158040 +02551
999999 22514 BARBERS POINT NAS             US US HI PHNA  +21300 -158067 +00101
999999 22515 EWA MCAS                      US US HI       +21333 -158050 +00201
999999 22517 PEARL HARBOR NAS              US US HI NPS   +21350 -157950 +00101
999999 22519 KANEOHE BAY MCAS              US US HI PHNG  +21451 -157768 +00055
999999 22525 PUUNENE CAA AP                US US HI       +20833 -156467 +00399
999999 22526 PORT ALLEN CAA AP             US US HI       +21900 -159600 +00091
999999 22536 LIHUE AIRPORT                 US US HI PHLI  +21979 -159341 +00451
999999 22602 FRNCH FRIGAT SHS NAS          US US HI       +23783 -166217 +00021
999999 22703 MIDWAY ISLAND                 US US HI       +28217 -177383 +00061
999999 23053 PAMPA                         US US TX       +35533 -100967 +09851
999999 24248 CORVALLIS NAAS                US US OR       +44500 -123283 +00750
999999 40309 KOROR WSO                     KA PS PC PTKR  +07333 +134483 +00332
999999 40504 POHNPEI WSO                   KA CL PC PTTP  +06967 +158217 +00460
999999 40505 CHUUK WSO AP                  KA CL    PTKK  +07450 +151833 +00015
999999 40710 MAJURO WSO AP                 MH RM PC PKMR  +07083 +171383 +00030
999999 41225 SAN JOSE                      PH RP          +12600 +121000 +00040
999999 41226 LEYTE GULF NF                 PH RP    RLTE  +11067 +125033 +00040
999999 41227 MANILA NF                     PH RP          +14600 +121000 +00040
999999 41229 MANILA                        PH RP          +14550 +120983 +00040
999999 41407 GUAM MARSHALL ISLAND          GM GQ          +13467 +144250 +00549
999999 41413 TINIAN MARSHALL ISLA          MY CQ          +15000 +145633 +00759
999999 41415 GUAM WFO                      GM GQ    PGUM  +13483 +144800 +00774
999999 41606 WAKE ISLAND                   WK WQ PC PWAK  +19280 +166642 +00037
999999 42210 YONABARU RYUKYU ISLA          JP JA          +26200 +127750 +00091
999999 42501 MARCUS ISLAND NF              JP JA          +24283 +153967 +00070
999999 53921 MOUNT IDA                     US US AR KMWT  +34547 -093578 +02140
999999 61705 PAGO PAGO WSO AP              ZM AQ PC NSTU  +14332 -170711 +00030
999999 70701 DIEGO GARCIA NAF              BT IO PC FJDG  +07300 +072400 +00027
999999 80309 BIAK ISLAND NF                ID ID          -01267 +136383 +00009
999999 80430 EMIRAU NF                     NG PP          -01683 +149967 +00009
999999 80431 MANUS ISLAND NF               NG PP          -02017 +147433 +00439
999999 93118 SALTON SEA NAAF               US US CA       +33200 -115833 -00689
999999 93120 THERMAL NAF                   US US CA       +33617 -116167 -00360
999999 93134 LOS ANGELES DOWNTOWN USC CAMP US US CA KCQT  +34028 -118296 +00564
999999 93999 VICKSBURG                     US US MS KVKS  +32233 -090933 +00032
1047 stations fulfill our criteria
